# ell Cl ell_ellplus1_Cl_over_2pi quadrupole_normalized
2 7509.1332391914248 7170.6940401178254 1
7 628.79229232480998 5604.2224840883437 0.78154533616055066
12 222.82892026150935 5532.4345632580453 0.77153404291213334
17 112.77728602713276 5492.4131371502563 0.76595279430720309
22 67.600679247569929 5444.0450228619538 0.75920754565795145
27 44.774856091167933 5387.3615928920526 0.75130267206373935
32 31.672130803912154 5323.0596415346636 0.74233534602840168
37 23.46901446034672 5251.7047831682476 0.73238444616191634
42 17.999861784727852 5173.7691622866796 0.72151581608991178
47 14.175256251014982 5089.6761019841369 0.70978849097576424
52 11.398710901869261 4999.828225606364 0.6972586192680742
57 9.3214297963713797 4904.621684735388 0.68398144688583007
62 7.710738938994222 4793.4518597273309 0.66847809053202434
67 6.3072100032706837 4573.4205454780977 0.63779329028560106
72 5.0844628775872636 4253.2466540597025 0.59314295523754001
77 4.0586972429106991 3879.646142708445 0.54104192997261069
82 3.2322071410712798 3501.154386930828 0.48825878880662699
87 2.5919786908674149 3158.30074828537 0.44044561525225451
92 2.1126145452394103 2876.8099563153246 0.40118989043744702
97 1.7615912382621677 2665.1587518492297 0.37167375109556861
102 1.5050396665880443 2516.5494831270071 0.35094922040289095
107 1.3126454446018554 2414.21031152559 0.33667735619715844
112 1.1608231515828791 2338.2053987243653 0.32607797594526083
117 1.0338889739237562 2271.7571543976433 0.31681133537254014
122 0.9234495719013639 2205.4552903473354 0.30756510848301322
127 0.82611347699415294 2137.339585810359 0.29806592972069401
132 0.740007106334582 2067.671749863066 0.2883502961212791
137 0.66359762832213876 1996.7542174384839 0.27846038420650204
142 0.59560675569644594 1924.8820765085782 0.2684373459165118
147 0.53496065134964588 1852.3413462696781 0.25832106849161302
152 0.48075108898132529 1779.407542313656 0.24814997437603928
157 0.43220508614643144 1706.3446075189809 0.23796087212374537
162 0.38866094318288891 1633.4041356316834 0.2277888481217146
167 0.34954904899863015 1560.8242697377548 0.21766711297475858
172 0.31437660899775538 1488.8292991530952 0.20762694528919426
177 0.28271525716036461 1417.6291891178917 0.19769762608566099
182 0.25419095806922631 1347.4191251019988 0.18790637524953702
187 0.2284757909826822 1278.3794389461887 0.17827834123085565
192 0.20528114774520984 1210.6754518531145 0.16883657914837227
197 0.18435209120430299 1144.4573600747237 0.15960203484792926
202 0.16546270043260808 1079.860478758533 0.15059357890840774
207 0.14841214420158333 1017.0053831520286 0.14182802633360125
212 0.13302136659943437 955.9980386541182 0.13332015468873773
217 0.11913031883777227 896.93023322104898 0.12508276440230201
222 0.10659558674002226 839.8799110892927 0.11712672530586625
227 0.095288366647966125 784.91154774582162 0.10946102892613786
232 0.085092751433873862 732.07673284018495 0.10209286977584611
237 0.075904234892700526 681.41461122679141 0.09502770685996173
242 0.067628426986983639 632.95240916294847 0.088269337057441666
247 0.060179954511383811 586.70612329975688 0.081819991205497919
252 0.053481486878390896 542.68106234626953 0.075680409638193474
257 0.047462892165240654 500.87246739522226 0.069849928694906652
262 0.04206050507994042 461.26622427109925 0.064326580061909874
267 0.037216473570345791 423.8394783226704 0.059107176509194094
272 0.032878187264956817 388.56130357271553 0.054187405207757396
277 0.028997775913001411 355.39342272859739 0.049561928139770096
282 0.025531656649046146 324.29083194562207 0.045224469225895667
287 0.022440135762541828 295.20247627731521 0.041167908521232151
292 0.019687055400899121 268.07194592123199 0.037384379311326349
297 0.01723947218564139 242.83809097893385 0.033865353844457664
302 0.015067372034044698 219.43566486441787 0.030601733059135265
307 0.013143414439417625 197.79596414472763 0.027583935814039773
312 0.011442698772430178 177.84740329774624 0.024801979041741955
317 0.0099425553635524942 159.51610321487942 0.022245559819235896
322 0.0086223561032685529 142.72645561668097 0.019904134079375076
327 0.007463340908631425 127.40163680696813 0.017766988257230779
332 0.0064484609043075382 113.46411237020159 0.015823309673429771
337 0.0055622359114169849 100.83612256380556 0.014062254225275616
342 0.0047906225112049226 89.440106701494486 0.012473005569768368
347 0.0041208949446700626 79.199126813904584 0.01104483420583975
352 0.0035415353439878752 70.037249291329815 0.0097671506969190108
357 0.003042132501522327 61.87988535771666 0.0086295531522496641
362 0.0026132895166920246 54.654113390231906 0.0076218721764530701
367 0.0022465385426029176 48.28896404871027 0.0067342106326874892
372 0.0019342620492154275 42.715669167715781 0.0059569783522675441
377 0.0016696204562897652 37.867884060677561 0.0052809231364242303
382 0.0014464853902484832 33.681879677155571 0.0046971575538875066
387 0.0012593778003247727 30.096698368816963 0.0041971806634664936
392 0.0011034110792366592 27.054286784864388 0.0037728965471827388
397 0.00097423837574166802 24.499597142478198 0.0034166284330931561
402 0.00086800387074742751 22.38066016032089 0.0031211288663423637
407 0.000781297960462349 20.648637240459415 0.0028795869862717118
412 0.00071111558319636979 19.257840929201652 0.0026856313798162301
417 0.00065481800606897566 18.165739475395764 0.0025333307171891656
422 0.00061009730897312094 17.332933044504138 0.0024171904347796342
427 0.00057494390871294545 16.723117947942423 0.0023321477467009087
432 0.00054761634580235193 16.303024369399989 0.002273562960320101
437 0.00052661370337398644 16.042344381093432 0.0022372094376557493
442 0.00051065009772450066 15.913640637144701 0.002219260862074547
447 0.00049863135968029838 15.892245204042938 0.0022162771295401421
452 0.00048963356565664843 15.956144132027141 0.0022251882513404462
457 0.00048288350977485848 16.085856290351128 0.0022432774568759612
462 0.00047774066470575744 16.264297426940253 0.0022681622358932787
467 0.00047368103202209992 16.476647842349415 0.0022977758847564323
472 0.00047028209478661989 16.710202583665527 0.0023303466150106375
477 0.00046720958773507432 16.954233251627794 0.0023643782814848995
482 0.00046420500312350631 17.199828538191188 0.0023986281442163679
487 0.0004610750019640224 17.43975950248538 0.0024320880803050996
492 0.00045768107494140804 17.668313981864738 0.002463961491456191
497 0.00045393114208601963 17.881166281179546 0.0024936451312996938
502 0.00044977131701105289 18.075219911693566 0.0025207071743081322
507 0.00044517910231934313 18.248474821511987 0.0025448687002147057
512 0.00044015710200030441 18.399887657441578 0.0025659842066193136
517 0.00043472764808833792 18.5292438201549 0.0025840237662476586
522 0.00042892793816722339 18.637028029950802 0.0025990549765033022
527 0.00042280610694899146 18.724314236087505 0.0026112276066069381
532 0.00041641740573782429 18.792642287100957 0.0026207563984688106
537 0.00040982152124639586 18.843928776367559 0.0026279086335216058
542 0.00040307969104462146 18.880355385512065 0.0026329885614812579
547 0.00039625290721077616 18.904294660567849 0.0026363270493489394
552 0.00038939991723429689 18.918216688507908 0.0026382685668453168
557 0.00038257605153786743 18.924626039344634 0.0026391623925755554
562 0.00037583206611520878 18.925992931541895 0.0026393530145975819
567 0.00036921333499698742 18.924695676238976 0.0026391721038941463
572 0.0003627593586630888 18.922974660976529 0.0026389320971036152
577 0.00035650333572905094 18.922886350302985 0.0026389197816048576
582 0.00035047209310293113 18.926273571225146 0.0026393921516297404
587 0.00034468604007614436 18.934735971033373 0.0026405722884143925
592 0.00033915925908488442 18.949607092003614 0.0026426461631170422
597 0.00033389982287823991 18.971944060006987 0.0026457611988274497
602 0.00032891003526239827 19.00251391981579 0.0026500243649363055
607 0.0003241869336837955 19.041796023570182 0.0026555025102224686
612 0.00031972267136874249 19.089979466776796 0.002662222005286272
617 0.00031550501055706119 19.14696888185097 0.0026701695504967268
622 0.00031151792800343959 19.212399492811997 0.0026792942754668564
627 0.00030774207003508077 19.285645831624656 0.0026895089546043111
632 0.00030415538769978516 19.365844206852614 0.0027006931405114593
637 0.00030073361822648587 19.451908685439623 0.0027126953927489
642 0.00029745082483205562 19.542553528592272 0.0027253364066654783
647 0.00029428000115353517 19.636323000476505 0.00273841317041521
652 0.00029119344861362203 19.731609342521931 0.0027517014715911252
657 0.00028816335215742635 19.826686629060735 0.0027649606186146733
662 0.00028516214247331634 19.9197332539879 0.0027779365766469918
667 0.00028216292321495232 20.008861313115492 0.0027903660651496316
672 0.00027913987673082994 20.092147202235932 0.0028019808249838234
677 0.00027606852493527664 20.16765432839394 0.0028125107856453121
682 0.00027292605284958435 20.23346228996073 0.0028216881346158043
687 0.00026969156767084763 20.287693483013292 0.0028292510277959002
692 0.0002663462528002666 20.328533596157701 0.0028349464476417224
697 0.00026287360799880912 20.354260025871508 0.0028385341658695362
702 0.00025925951157583206 20.363258166768187 0.002839789015239254
707 0.00025549232783293811 20.354042002328114 0.0028385037610660162
712 0.00025156301212033203 20.325275515116864 0.0028344920870146191
717 0.00024746501665415607 20.275778786611269 0.0028275894457599963
722 0.00024319442450951794 20.204552715555771 0.0028176565061230501
727 0.00023874977180758875 20.110778697456229 0.0028045791083739753
732 0.00023413204081170144 19.993831973444397 0.0027882701258183746
737 0.00022934460677906295 19.853291220336061 0.0027686708021933456
742 0.00022439298611378486 19.688930622671258 0.002745749646061839
747 0.00021928486879866223 19.500735719262984 0.0027195046407171145
752 0.00021402982383720187 19.288890268487279 0.0026899614124618731
757 0.00020863919396324208 19.053778534030158 0.0026571735493705539
762 0.0002031259197534518 18.795980498176306 0.0026212219337512633
767 0.00019750432116399488 18.516262010391301 0.0025822133683013828
772 0.00019178991504965285 18.215566937774444 0.0025402794814370763
777 0.00018599922010017309 17.895006919085528 0.0024955752984255745
782 0.0001801495536558905 17.555849017341565 0.0024482775194593432
787 0.00017425879645699679 17.199498803910814 0.0023985821606227952
792 0.00016834527327470121 16.827493346567593 0.0023467035760308484
797 0.00016242746211496059 16.441476006102292 0.002292870943051997
802 0.00015652386634054471 16.043185763011859 0.0022373267738457639
807 0.00015065285357525009 15.634442132180066 0.0021803248116165851
812 0.00014483238682583575 15.217117510149482 0.0021221261742607332
817 0.00013908000718874524 14.793134173215135 0.0020629989357309215
822 0.00013341255721219388 14.364433168358371 0.0020032137876743578
827 0.00012784610495405479 13.932962846708634 0.0019430424403492877
832 0.00012239586500732954 13.500666377225988 0.0018827558813266773
837 0.00011707597114560646 13.069451974227466 0.0018226202235247949
842 0.00011189950503558121 12.641190127008866 0.0017628963188619259
847 0.00010687837709176179 12.217694029921809 0.0017038370291031205
852 0.00010202318938767646 11.800696844306991 0.0016456840548886517
857 9.7343344655521536e-05 11.39185650047343 0.0015886686054013043
862 9.2846848761747908e-05 10.992724947334217 0.001533007110027747
867 8.8540372298383124e-05 10.604746662372717 0.0014789010105636113
872 8.4429285149214829e-05 10.229254232261601 0.0014265361449020239
877 8.051754076046416e-05 9.8674456441636043 0.001376079580157553
882 7.6807797109848815e-05 9.5203897882146595 0.0013276803800233296
887 7.3301450134902492e-05 9.1890218392068412 0.0012814689607166464
892 6.9998559959238093e-05 8.8741251771101375 0.0012375545696779334
897 6.6898053190294328e-05 8.5763479188695246 0.0011960275910375619
902 6.3997695566160405e-05 8.2961912591130851 0.0011569579196516334
907 6.129413062879115e-05 8.0340060934449742 0.0011203944901981848
912 5.878306135317056e-05 7.7900087839453889 0.0010863674757788701
917 5.645923899307023e-05 7.5642725490671321 0.00105488708718394
922 5.4316546657930578e-05 7.3567314738211813 0.0010259441321387489
927 5.2348179482986478e-05 7.1671983695687755 0.00099951250596811239
932 5.054662767180517e-05 6.9953568489473721 0.00097554808639310287
937 4.8903807842979519e-05 6.8407739123860996 0.00095399048880262863
942 4.7411212061579109e-05 6.7029161297294424 0.00093476532288627723
947 4.60599034032936e-05 6.5811451705040991 0.00091778356930090983
952 4.4840661685982303e-05 6.4747349265812106 0.00090294396753746043
957 4.3744105067802366e-05 6.3828863912329838 0.00089013509090231705
962 4.2760692729080997e-05 6.304726085845612 0.00087923512711218896
967 4.1880867942122794e-05 6.2393254067544248 0.00087011457633631001
972 4.1095153271630324e-05 6.1857140729484996 0.00086263812656645707
977 4.0394151731324384e-05 6.142880156675866 0.00085666465788504476
982 3.9768679875854707e-05 6.109790403981247 0.00085205007629649942
987 3.9209834367499269e-05 6.0854014919442934 0.00084864888362247025
992 3.8708986030666753e-05 6.0686605725051583 0.00084631425334184829
997 3.8257896401062092e-05 6.0585251915039793 0.0008449008084305921
1002 3.7848757170695419e-05 6.0539720204697618 0.00084426583906657465
1007 3.7474175049770605e-05 6.0539971956349525 0.00084426934990737329
1012 3.7127264958009484e-05 6.0576342371761438 0.00084477655904512811
1017 3.6801667316617087e-05 6.0639604150081077 0.00084565878575799166
1022 3.6491515105486104e-05 6.0720949847334955 0.00084679320450182279
1027 3.6191516413490271e-05 6.0812165700381646 0.00084806526899845823
1032 3.5896937587645844e-05 6.0905645506281099 0.00084936890579256018
1037 3.5603566602190572e-05 6.0994369636378716 0.00085060622158934687
1042 3.5307764433220648e-05 6.1072033302540998 0.000851689292010812
1047 3.500644726051821e-05 6.1133059773672693 0.00085254034590866721
1052 3.4697026542282068e-05 6.117253821951242 0.00085309089855557774
1057 3.4377440289704048e-05 6.1186318501045216 0.00085328307355922038
1062 3.4046131222585023e-05 6.1171014278450953 0.00085306964620464852
1067 3.3701975944991964e-05 6.1123915693027255 0.00085241282574682127
1072 3.3344295300542528e-05 6.1043044029585545 0.00085128501771332746
1077 3.2972834849472629e-05 6.0927152750856548 0.00084966883832984482
1082 3.2587677962511033e-05 6.0775601379930393 0.00084755535572860342
1087 3.2189258537342691e-05 6.0588408400496458 0.00084494482767669306
1092 3.1778321229037361e-05 6.0366206181289099 0.00084184607296809428
1097 3.135585231731176e-05 6.0110135870351185 0.00083827500565570754
1102 3.092307387069001e-05 5.9821857848625459 0.00083425478083349507
1107 3.0481404537495948e-05 5.9503496707588477 0.00082981502731374027
1112 3.0032397926643123e-05 5.9157538208883889 0.00082499041066200391
1117 2.9577730405338833e-05 5.8786818135640635 0.00081982047772149373
1122 2.9119178451304098e-05 5.839448905285197 0.00081434919306489417
1127 2.865853481287965e-05 5.7983860973274375 0.00080862271697652313
1132 2.8197621013109542e-05 5.7558429758175604 0.00080268980151926587
1137 2.7738271016673284e-05 5.71218475079647 0.00079660137761262083
1142 2.7282246825035817e-05 5.6677749792780929 0.00079040814565070508
1147 2.6831241156743125e-05 5.6229756171949621 0.00078416058274640419
1152 2.6386896980267546e-05 5.5781506547918358 0.00077790944971069752
1157 2.5950730092571368e-05 5.5336492849698962 0.00077170344376859934
1162 2.5524102390299935e-05 5.4897991112010001 0.00076558825135855245
1167 2.5108278070124802e-05 5.4469170333151595 0.0007596080662264121
1172 2.4704370151572892e-05 5.4052967454720697 0.00075380384593612534
1177 2.4313291859297719e-05 5.3651966947636494 0.00074821163261840843
1182 2.393581006871057e-05 5.3268501878647161 0.00074286396240902614
1187 2.3572546053661147e-05 5.2904642514463553 0.00073778970652601226
1192 2.3223910611044391e-05 5.2562036313272467 0.00073301183984707838
1197 2.2890142077772537e-05 5.2241975169617723 0.00072854837868329011
1202 2.2571340246188626e-05 5.1945457325181135 0.00072441324416524112
1207 2.2267421933048964e-05 5.1673071168081766 0.00072061464174857882
1212 2.1978127436277177e-05 5.1424992801479998 0.00071715502730660373
1217 2.1703076476973902e-05 5.1201100886706312 0.0007140327086925187
1222 2.1441744341933884e-05 5.1000907983518644 0.00071124088823458736
1227 2.1193455314068287e-05 5.0823530413332048 0.00070876724245923814
1232 2.0957435884843505e-05 5.066780171055826 0.00070659550424390593
1237 2.0732820146248726e-05 5.0532275616009752 0.00070470550456200234
1242 2.0518626862483866e-05 5.0415160007882891 0.00070307225110743249
1247 2.0313808749744905e-05 5.0314426845758202 0.00070166746153530564
1252 2.0117280820637019e-05 5.0227875588831843 0.00070046044787048991
1257 1.9927892742274434e-05 5.0153059029959204 0.00069941708221503082
1262 1.9744456084378468e-05 5.0087345002648114 0.00069850065729237419
1267 1.9565794626853921e-05 5.0028040262670377 0.00069767361405714552
1272 1.9390727773333703e-05 4.9972348030956786 0.00069689694960316088
1277 1.9218064701009495e-05 4.9917351418232263 0.00069612998600916513
1282 1.9046661689423862e-05 4.986016151861218 0.0006953324356005141
1287 1.8875427182783316e-05 4.9797934634127383 0.00069446464115639674
1292 1.8703298851674626e-05 4.9727815731863965 0.00069348678738281324
1297 1.8529274373676805e-05 4.964702306024086 0.00069236008094169198
1302 1.8352449878376976e-05 4.955295731575645 0.00069104827285229164
1307 1.8171989636120661e-05 4.9443128597321122 0.00068951663982178078
1312 1.7987128648696001e-05 4.9315169893273412 0.00068773217233046374
1317 1.7797213070002877e-05 4.9166955484966479 0.0006856652258469334
1322 1.7601700982196327e-05 4.8996614174166924 0.00068328970529276463
1327 1.740012832936149e-05 4.8802445018053389 0.00068058188991217215
1332 1.7192134643996911e-05 4.8582997838812743 0.0006775215560307806
1337 1.6977488437433589e-05 4.8337156149049898 0.00067409313350448911
1342 1.6756057045739304e-05 4.8064064122651633 0.00067028468728058948
1347 1.6527793450418852e-05 4.7763098901550469 0.0006660875311975471
1352 1.629276523128677e-05 4.7433963982992964 0.00066149753033129769
1357 1.6051153183890336e-05 4.7076697483986489 0.0006565152162483417
1362 1.5803212050015457e-05 4.669156842373944 0.00065114434059680259
1367 1.5549285021113637e-05 4.6279128066169219 0.00064539259111114967
1372 1.5289812739555166e-05 4.5840246752076661 0.00063927210526086586
1377 1.502531107474779e-05 4.5376057719676428 0.00063279868679114398
1382 1.4756345035083304e-05 4.4887886358209563 0.00062599081911842369
1387 1.4483555965631056e-05 4.4377339367516866 0.00061887090871872818
1392 1.4207646605687831e-05 4.3846267537516068 0.00061146476606322483
1397 1.392934807892479e-05 4.3296670469265601 0.0006038002768913867
1402 1.3649417695030849e-05 4.2730693414298919 0.00059590735813345053
1407 1.3368661129908892e-05 4.2150700717214775 0.00058781898211518414
1412 1.3087903918666143e-05 4.1559191324362956 0.00057956999827146543
1417 1.280795391337425e-05 4.0958681604471732 0.00057119549900359044
1422 1.2529623177875834e-05 4.0351774519844117 0.00056273178431666957
1427 1.2253736061373774e-05 3.9741186931011327 0.0005542167426008086
1432 1.1981097254198102e-05 3.9129647312752773 0.000545688424214371
1437 1.1712459656830733e-05 3.851978849323026 0.00053718354566132515
1442 1.1448555083986315e-05 3.7914244042537422 0.00052873883379236236
1447 1.1190096621088693e-05 3.7315654305348458 0.00052039110993411318
1452 1.0937743066727397e-05 3.6726545427712254 0.0005121756028389796
1457 1.0692084080414843e-05 3.6149273424382455 0.00050412516866761288
1462 1.0453664691605835e-05 3.5586100103262153 0.00049627134980475922
1467 1.0222988123508023e-05 3.5039198010207895 0.00048864444381777235
1472 1.0000481183147112e-05 3.4510526537341963 0.00048127177570631507
1477 9.7864959131424457e-06 3.4001829092886267 0.000474177658433849
1482 9.5813285474760007e-06 3.3514690941156675 0.00046738419954403716
1487 9.3852165265768273e-06 3.3050522376127391 0.00046091106650513733
1492 9.198316225687216e-06 3.2610473027134725 0.00045477429164721253
1497 9.0207102739992111e-06 3.219544852606826 0.0004489865045969698
1502 8.8524296940583086e-06 3.1806181374404594 0.00044355792056471525
1507 8.6934411523058948e-06 3.1443178715013822 0.00043849561198816908
1512 8.5436352750865922e-06 3.1106672083234899 0.00043380280777847508
1517 8.4028410585399521e-06 3.0796661025644787 0.00042947950161235368
1522 8.2708470225967357e-06 3.0512983600140378 0.00042552343510167395
1527 8.1473886029401592e-06 3.0255264507987243 0.00042192937446108218
1532 8.0321360306331116e-06 3.0022863158284392 0.00041868838623312774
1537 7.9247161166845357e-06 2.9814947452085132 0.00041578886625589774
1542 7.8247333404333565e-06 2.9630568056013891 0.0004132175754569918
1547 7.7317587345884997e-06 2.946861299642233 0.00041095900663944818
1552 7.6453177500505692e-06 2.932775666811827 0.00040899467337524796
1557 7.5649110786073793e-06 2.9206534244634117 0.00040730414770498576
1562 7.4900382962745347e-06 2.9103430095972769 0.00040586629318093949
1567 7.4201890787721892e-06 2.9016842900206665 0.00040465877832558976
1572 7.3548302964587091e-06 2.8945033220281942 0.00040365734555600045
1577 7.2934235440677603e-06 2.8886189667547759 0.00040283673387734047
1582 7.2354487880973653e-06 2.8838522066220293 0.0004021719781220289
1587 7.1803983038590966e-06 2.8800239023959624 0.00040163809615681765
1592 7.1277642473674566e-06 2.8769498912385116 0.00040120940527414256
1597 7.0770493440948766e-06 2.8744452861813361 0.00040086012178175494
1602 7.0277904857412783e-06 2.8723342145431148 0.00040056571908845775
1607 6.9795563936974136e-06 2.8704492537986308 0.00040030284903237414
1612 6.9319319279863114e-06 2.8686253091325562 0.00040004848806593626
1617 6.8845242961883165e-06 2.8667023719134197 0.0003997803219430508
1622 6.8369838342207651e-06 2.8645344814075426 0.00039947799548849169
1627 6.7890056312184747e-06 2.8619909362176235 0.0003991232815409032
1632 6.7403128256671332e-06 2.8589497618978497 0.00039869916996916979
1637 6.6906555938592348e-06 2.8552976199520743 0.00039818985498161867
1642 6.6398275647479301e-06 2.8509371866963411 0.00039758176415647149
1647 6.5876726991141248e-06 2.8457906739078838 0.00039686404941928374
1652 6.5340703227432845e-06 2.8397939684931166 0.00039602776978146656
1657 6.478922897610113e-06 2.8328917388132195 0.0003950652088855085
1662 6.4221722904472412e-06 2.8250448870763396 0.00039397091428961873
1667 6.3638056291477894e-06 2.8162336553628724 0.00039274213062318828
1672 6.303847329271849e-06 2.8064546727183859 0.00039137838778466013
1677 6.2423412072825969e-06 2.7957134403259452 0.00038988045294985249
1682 6.1793525104374082e-06 2.7840255073605942 0.0003882504945525257
1687 6.1149860463882777e-06 2.7714249785083012 0.00038649326871332564
1692 6.0493774731615529e-06 2.757961080219733 0.0003846156403815014
1697 5.982677327906581e-06 2.7436912606617243 0.00038262562107818524
1702 5.9150433443236418e-06 2.7286778577406214 0.00038053190423054014
1707 5.8466491653282604e-06 2.7129922516195153 0.00037834444426734136
1712 5.7776948811702504e-06 2.6967200123911494 0.0003760751744954995
1717 5.7083912791708132e-06 2.679953880463271 0.00037373702816906622
1722 5.6389429051192881e-06 2.6627859302555752 0.00037134284566572048
1727 5.5695524123295481e-06 2.6453095669192979 0.00036890565294232406
1732 5.500428703089818e-06 2.6276234058330594 0.00036643920255589147
1737 5.4317870310512221e-06 2.6098314242021816 0.00036395799480510232
1742 5.3638356493517214e-06 2.5920366134245283 0.0003614763925113638
1747 5.2967627387975399e-06 2.574334545838838 0.00035900772385995397
1752 5.2307467824646046e-06 2.5568181829315484 0.00035656495293578803
1757 5.1659620529379485e-06 2.5395804523947296 0.00035416103911093668
1762 5.1025719917598553e-06 2.5227109301587438 0.00035180847433246388
1767 5.0407192443977571e-06 2.5062907474306302 0.00034951857287575025
1772 4.9805223628522342e-06 2.4903906620015186 0.00034730120237574626
1777 4.9220842095103006e-06 2.4750749551637505 0.000345165327277453
1782 4.8654969117278696e-06 2.4604037243577315 0.00034311932856046152
1787 4.8108315614503193e-06 2.4464275008717347 0.00034117025314212625
1792 4.7581320641506733e-06 2.4331838120455327 0.00033932333445446401
1797 4.7074191421499386e-06 2.420698857221621 0.00033758222616647098
1802 4.6586987130810253e-06 2.4089915116297727 0.00033594956055190854
1807 4.611963167262221e-06 2.3980737795789446 0.00033442701168986716
1812 4.5671834314199553e-06 2.3879464506140522 0.00033301468968752911
1817 4.5243038251041502e-06 2.3785960847298511 0.00033171072024860331
1822 4.4832498209364555e-06 2.3699987270347975 0.000330511762707401
1827 4.443937764430037e-06 2.3621247960684406 0.00032941369173654318
1832 4.4062746887246233e-06 2.3549388459405081 0.00032841156417570607
1837 4.3701508795988628e-06 2.3483954283382937 0.00032749904196159314
1842 4.3354374524796188e-06 2.3424375307672038 0.00032666817433040472
1847 4.3019938135246928e-06 2.3370003394929868 0.00032590992258464652
1852 4.2696774450360711e-06 2.3320164015096445 0.00032521487996318494
1857 4.2383455768213228e-06 2.3274165027522238 0.00032457339411374201
1862 4.2078476896596966e-06 2.3231255142304303 0.00032397498780916578
1867 4.1780233227705859e-06 2.3190610486720158 0.00032340817160759941
1872 4.1487090716499785e-06 2.3151372056630954 0.00032286096613669691
1877 4.1197478774482105e-06 2.3112697265029327 0.00032232162097170654
1882 4.0909911602468326e-06 2.3073772793337279 0.00032177879385519203
1887 4.062293658754424e-06 2.3033786478629072 0.00032122115864604081
1892 4.0335088055979486e-06 2.2991901332648799 0.00032063704299773756
1897 4.0044946402512236e-06 2.2947289112605302 0.00032001489652497072
1902 3.9751218608452495e-06 2.2899177284521413 0.00031934394573813308
1907 3.9452773822779747e-06 2.2846871434061811 0.00031861450657691713
1912 3.9148599123265149e-06 2.2789731875516175 0.00031781765820734569
1917 3.8837746439880644e-06 2.272714429947821 0.00031694483368453373
1922 3.8519345415440647e-06 2.265852824822185 0.00031598793814733081
1927 3.8192689128619796e-06 2.258338891884982 0.00031494007124697711
1932 3.7857260198993873e-06 2.2501335120287393 0.00031379577756907983
1937 3.7512717023610106e-06 2.2412073912625607 0.00031255097187576203
1942 3.7158830828291497e-06 2.2315375476378536 0.00031120244918456818
1947 3.6795459333982043e-06 2.2211058935704187 0.0003097476870640436
1952 3.6422587931371056e-06 2.2099018664662826 0.00030818521249164471
1957 3.6040397167709912e-06 2.1979267418997144 0.00030651520335451366
1962 3.5649233323897278e-06 2.1851921343489611 0.00030473927936730863
1967 3.524957735304938e-06 2.1717183441027204 0.00030286027153754224
1972 3.4841987715354387e-06 2.1575310312834413 0.00030088175833646217
1977 3.4427094467152866e-06 2.1426609736073501 0.00029880803191710895
1982 3.4005639348264779e-06 2.1271466912109185 0.00029664446416346698
1987 3.3578515488247552e-06 2.1110371243615917 0.00029439788011467077
1992 3.314671186945961e-06 2.0943883699761479 0.00029207610285122884
1997 3.2711272792959142e-06 2.0772612668673798 0.00028968761674194192
2002 3.2273263329257971e-06 2.0597192866813132 0.00028724127332135745
2007 3.1833767792133697e-06 2.0418284774555402 0.00028474628341861171
2012 3.1393919783668308e-06 2.023659439584768 0.00028221249271869869
2017 3.0954921366660585e-06 2.0052886554893639 0.00027965056719341132
2022 3.0517990657793364e-06 1.9867951968725803 0.00027707153390690956
2027 3.0084308753585335e-06 1.9682572878017892 0.00027448630171500774
2032 2.965501543581392e-06 1.9497519722397425 0.00027190561490024267
2037 2.923120112884441e-06 1.9313545251455213 0.00026933997104606436
2042 2.8813934402688804e-06 1.9131402075216217 0.00026679986578958626
2047 2.8404268936293933e-06 1.8951847041296941 0.00026429585386389648
2052 2.8003209592157118e-06 1.8775618330692283 0.00026183822968388386
2057 2.7611655606781726e-06 1.8603396467800821 0.00025943648360563908
2062 2.7230407960835973e-06 1.8435807658686501 0.00025709934848068864
2067 2.6860170357438231e-06 1.8273422913568078 0.00025483478741853858
2072 2.6501569368680729e-06 1.8116770280540859 0.00025265016439389421
2077 2.6155164930929367e-06 1.7966340837328136 0.00025055232780553724
2082 2.5821436041487957e-06 1.7822577765672849 0.00024854745811159998
2087 2.5500733612630708e-06 1.7685842355231007 0.00024664059373171083
2092 2.5193277570150356e-06 1.7556409889487028 0.00024483557367340343
2097 2.4899175023505097e-06 1.7434480212733574 0.00024313518489553487
2102 2.4618439235930769e-06 1.7320189208603411 0.0002415413223838904
2107 2.4351006414477258e-06 1.7213619105372127 0.00024005513286534368
2112 2.4096737039468274e-06 1.7114798127428799 0.00023867700994738826
2117 2.3855386988150632e-06 1.7023678608932442 0.00023740628889881791
2122 2.3626597333204556e-06 1.6940127903604467 0.00023624111988086046
2127 2.3409905470617049e-06 1.6863934440185486 0.00023517855239446787
2132 2.320477405011383e-06 1.6794826875416129 0.00023421480238111183
2137 2.3010613989030814e-06 1.6732489522159162 0.00023334546737799767
2142 2.2826797402534267e-06 1.6676570872087217 0.00023256564537249726
2147 2.2652649155881615e-06 1.6626676685973165 0.00023186983844174678
2152 2.2487431599096153e-06 1.6582357878582279 0.00023125178379957497
2157 2.2330345473570927e-06 1.6543110064520636 0.00023070444746306324
2162 2.2180549404809182e-06 1.6508386948483391 0.00023022021098828159
2167 2.203718998880054e-06 1.6477622032207422 0.00022979117418788473
2172 2.189942769126332e-06 1.645024779458601 0.00022940942261030715
2177 2.1766436606037626e-06 1.6425695681490937 0.00022906702739782547
2182 2.1637402393062635e-06 1.6403394712156592 0.00022875602585167694
2187 2.1511506920469512e-06 1.6382759918270238 0.00022846826020764155
2192 2.1387932870913712e-06 1.6363195737238883 0.00022819542495735893
2197 2.1265884357902142e-06 1.6344111806199897 0.00022792928710609634
2202 2.1144608957612928e-06 1.6324940282093501 0.00022766192771244299
2207 2.1023421503159844e-06 1.6305154995100626 0.00022738600899547943
2212 2.0901699259677614e-06 1.6284268812554694 0.00022709473757280991
2217 2.0778880231070064e-06 1.6261833359708329 0.00022678186056647207
2222 2.0654443161271701e-06 1.6237424321256695 0.00022644146062310433
2227 2.0527909642392549e-06 1.6210643782734431 0.00022606798856625131
2232 2.0398859174237284e-06 1.6181132895179544 0.00022565644001335279
2237 2.0266935373955091e-06 1.614857781479736 0.00022520243820822698
2242 2.013187114844882e-06 1.6112730959385133 0.00022470253045576015
2247 1.9993479262651561e-06 1.6073404992678455 0.00022415410422969804
2252 1.9851653023900656e-06 1.6030474785590347 0.00022355541452340284
2257 1.9706338754891492e-06 1.5983856519372197 0.00022290529242981839
2262 1.9557536407200499e-06 1.593350913041528 0.0002222031652901686
2267 1.94052994357886e-06 1.5879435169907805 0.00022144906868243512
2272 1.924972894404794e-06 1.5821676958035942 0.00022064359278918511
2277 1.90909902852055e-06 1.5760331155942509 0.00021978808561302866
2282 1.8929316854460814e-06 1.5695553083812999 0.0002188847131951414
2287 1.8765001121387033e-06 1.5627550503028018 0.00021793637290332964
2292 1.8598378487518798e-06 1.5556571208979084 0.00021694652040576346
2297 1.8429814357043954e-06 1.5482892976494247 0.00021591902945338663
2302 1.8259703166085124e-06 1.5406823316607368 0.00021485818848790558
2307 1.8088440987013037e-06 1.5328676822246932 0.00021376838471266106
2312 1.7916437991151606e-06 1.5248785836784069 0.00021265425287248077
2317 1.774412786251714e-06 1.5167508792057713 0.00021152079153287216
2322 1.7571963941817222e-06 1.5085227364795377 0.0002103733234244576
2327 1.7400411736329312e-06 1.5002340416952178 0.00020921741093705436
2332 1.7229937426573622e-06 1.4919254305400735 0.00020805872098198725
2337 1.7061001870260062e-06 1.4836377717271227 0.00020690295296754067
2342 1.6894032555524687e-06 1.4754097113799529 0.00020575549634742327
2347 1.6729419389441952e-06 1.4672772450549747 0.00020462137093648261
2352 1.6567526724414088e-06 1.4592747101534491 0.00020350536530902818
2357 1.6408694421559434e-06 1.4514348351958128 0.0002024120436704567
2362 1.6253238242354679e-06 1.4437887315156821 0.00020134574469892714
2367 1.6101450005159871e-06 1.4363658645718476 0.00020031057754463135
2372 1.595359566089274e-06 1.4291938389150129 0.0001993103918420049
2377 1.5809897538687485e-06 1.4222967543978247 0.00019834854847250661
2382 1.5670522186600662e-06 1.4156940271886216 0.00019742775514730506
2387 1.5535584894059557e-06 1.4094006959526373 0.00019655010910624192
2392 1.5405152729831776e-06 1.4034276024510954 0.0001957171223035525
2397 1.5279245072784954e-06 1.3977813491109905 0.00019492971549069508
2402 1.5157841540020937e-06 1.39246493679053 0.00019418830715689685
2407 1.5040886339180347e-06 1.3874780903232171 0.00019349285892839721
2412 1.49282901580196e-06 1.3828173654795466 0.00019284289048495295
2417 1.4819924917352648e-06 1.3784755960494233 0.00019223740245187938
2422 1.4715625311034432e-06 1.3744419623097568 0.00019167488594830254
2427 1.4615188870390826e-06 1.3707019242090159 0.00019115331326930988
2432 1.4518376867371791e-06 1.3672372332418954 0.00019067013954195006
2437 1.4424916125223762e-06 1.3640260317958439 0.00019022231657975339
2442 1.4334505107542754e-06 1.3610433625106031 0.00018980636391623804
2447 1.4246818773280774e-06 1.3582615737918828 0.00018941842535643376
2452 1.4161518118983217e-06 1.355651185043562 0.00018905438963914942
2457 1.4078254242342137e-06 1.3531812473865683 0.00018870994074157062
2462 1.3996674018667592e-06 1.3508198694197233 0.00018838063120003474
2467 1.3916424573679089e-06 1.3485346395848306 0.00018806194101159447
2472 1.3837151511674516e-06 1.3462924514576242 0.000187749253269702
2477 1.3758503352034088e-06 1.3440599313425849 0.00018743791379509202
2482 1.3680130139469514e-06 1.3418033048932625 0.00018712321253511668
2487 1.360168973722933e-06 1.3394890170839895 0.0001868004700228403
2492 1.3522850112958768e-06 1.3370839709337485 0.00018646507066863758
2497 1.3443295581148478e-06 1.3345561645519433 0.00018611255160037681
2500 1.3395092845429149e-06 1.3329674985129629 0.0001858910017712958
