# ell Cl ell_ellplus1_Cl_over_2pi quadrupole_normalized
2 22.858991387234056 21.828728840240171 1
7 15.697524198206127 139.90695994515218 6.4093040400612189
12 12.367666543661528 307.06654133001422 14.067083043514305
17 10.212196195472327 497.34838032610247 22.78412013663689
22 8.6379680721489365 695.63631037795119 31.867925772002831
27 7.4140877629281592 892.07146928628458 40.866853760251736
32 6.4259109392935887 1079.9875572888429 49.475512989924539
37 5.6078820442201982 1254.886139545182 57.487824816984393
42 4.9188270510779137 1413.8372847440844 64.769565607400196
47 4.331085004419764 1555.0914531847523 71.240586869081397
52 3.8250997695901052 1677.8074256292214 76.862351349395439
57 3.3864816482115518 1781.8523219734468 81.628771652918743
62 3.0042932040939152 1867.6465330064202 85.55910638110575
67 2.6699976673191181 1936.0417968901734 88.692374670996728
72 2.376780203396446 1988.2203274789811 91.082735143688083
77 2.1190977110330902 2025.6128428874567 92.795730695657397
82 1.8923671133395799 2049.8282230626337 93.905066028575973
87 1.6927463131692624 2062.5948686910911 94.489921231180475
92 1.5169746976013785 2065.7094893964777 94.632605705763567
97 1.3622567008844157 2060.9947925314514 94.416619841468304
102 1.2261731072902184 2050.261775738335 93.924927591696488
107 1.1066142112802018 2035.2787957632816 93.23853947974041
112 1.0017273979642163 2017.7443969619283 92.435267840347947
117 0.9098764982333416 1999.2653917521129 91.588722659221773
122 0.82960918334014022 1981.3382538593851 90.767459175492021
127 0.75963096893897286 1965.3345281670513 90.03430948961423
132 0.6987838502391519 1952.4888531905128 89.445833858689809
137 0.64602908322731223 1943.8907576924771 89.051944889663545
142 0.60043277069411982 1940.4787931024352 88.89563873848941
147 0.56115380806350112 1943.0371143565237 89.012838474342658
152 0.52743378278361686 1952.1945403074208 89.432351035881098
157 0.49858839618763989 1968.4257508207045 90.175922071651271
162 0.47400005216757174 1992.0541517747019 91.258367189135157
167 0.45311153033951801 2023.256751743319 92.687795361383849
172 0.4354204158817388 2062.0703133126135 94.465890726137474
177 0.42047426341280619 2108.3990834945516 96.588266725262685
182 0.40786624378165864 2162.0233132181361 99.044856392762284
187 0.39723138429332056 2222.6093714375352 101.82037569408375
192 0.38824304378410074 2289.7198677276629 104.8947872542481
197 0.38060991734021077 2362.825495343604 108.24384290247141
202 0.37407308759841934 2441.3160332121897 111.83958768646875
207 0.36840357812056251 2524.5132339856314 115.65095028950185
212 0.36339984094972427 2611.682198705003 119.64426411722597
217 0.35888571535109243 2702.04471464485 123.78387832019634
222 0.35470822637479327 2794.7903167594113 128.03266453186018
227 0.35073585878131047 2889.0895651832898 132.35262512663573
232 0.34685661726084027 2984.1044607147501 136.70537036557542
237 0.34297653260779426 3079.0010723015425 141.05269687649232
242 0.33901791692589012 3172.9587220614617 145.35700843066368
247 0.33491805927591667 3265.1815338890133 149.58184499822153
252 0.3306276877103882 3354.9064410971091 153.69224958773168
257 0.32610980587347438 3441.4131895073456 157.65522649964262
262 0.32133830348738129 3524.0305764657955 161.44002714301078
267 0.31629691475318705 3602.1446011177077 165.01852340926669
272 0.31097801041720785 3675.203262770835 168.36542749093942
277 0.30538165959637092 3742.7226683903373 171.4585716732536
282 0.29951455359311774 3804.2899095684998 174.27904013152985
287 0.29338915861381304 3859.5669407797409 176.81134659865407
292 0.28702279130341701 3908.2918507425252 179.04349260767691
297 0.28043686759034991 3950.2806601279335 180.96704984697911
302 0.27365611213604152 3985.4269726068555 182.57714417432865
307 0.26670787408229291 4013.7014123884856 183.87242984985124
312 0.25962145903577466 4035.1496834936424 184.85500062903549
317 0.2524275597784158 4049.8905168285337 185.53029571574331
322 0.24515769387777941 4058.1122253893668 185.90694195204074
327 0.23784370332460525 4060.0687384843236 185.9965721411954
332 0.23051730441687721 4056.0750417453605 185.81361614920007
337 0.22320968335536653 4046.5020446276139 185.37506577882309
342 0.21595113601003901 4031.7709445632913 184.70021658480283
347 0.20877075961808508 4012.3473391170701 183.81039814469216
352 0.20169615532078108 3988.7344157909065 182.72866207572625
357 0.19475321139558344 3961.466631770711 181.47949249650969
362 0.18796589750826564 3931.1027003687864 180.0884847276125
367 0.18135611795652284 3898.2189238869896 178.58203986211134
372 0.17494355955566818 3863.4016606145083 176.98701966980872
377 0.16874564233520625 3827.2413323768906 175.33047207593518
382 0.16277740871197641 3790.324555890697 173.6392706891582
387 0.1570515400878143 3753.2286412879171 171.93986277245003
392 0.15157830949558537 3716.514300631698 170.25793521153139
397 0.14636565017292918 3680.7208112735107 168.61819294251737
402 0.14141914271714642 3646.3590543565019 167.04404003748587
407 0.13674214417325406 3613.9079754479808 165.5574175618473
412 0.13233580307022499 3583.8081810967669 164.17851022502947
417 0.12819922934976583 3556.4596265378923 162.92564045148322
422 0.12432954623824764 3532.2163673009582 161.81502794562613
427 0.12072207143712647 3511.3850394246997 160.86072006866644
432 0.11737040332734246 3494.2210187104156 160.07441588943988
437 0.11426662564021012 3480.9283314147096 159.46546209313811
442 0.1114013992871269 3471.6567031518412 159.04071778801958
447 0.10876417232891226 3466.5025825373323 158.8046013997392
452 0.10634330330587945 3465.5080738773913 158.75904177658299
457 0.10412625516544279 3468.6626126965575 158.90355494737977
462 0.10209972341271972 3475.9031237492991 159.23525136020038
467 0.10024982822737984 3487.1168661900151 159.74896622297535
472 0.098562246470413187 3502.1429135401481 160.43732730254646
477 0.097022384963157682 3520.7756614518462 161.29091561948729
482 0.095615511635757655 3542.7675157755716 162.29838859167359
487 0.094326903236906234 3567.8327822123319 163.44665822387284
492 0.093141974683760481 3595.6515217813035 164.72106773129636
497 0.092046411364013744 3625.8741350552418 166.10560154886912
502 0.091026276203865122 3658.1255804869129 167.58307857777504
507 0.090068116385707386 3692.0101269860916 169.13536990665509
512 0.089159060059955858 3727.1162530171778 170.74362324508908
517 0.088286904083043891 3763.0216966300059 172.38849427150623
522 0.087440186419650442 3799.2983441703841 174.05037059082281
527 0.086608248298520873 3835.5171080209589 175.70959518954555
532 0.08578128396887158 3871.2526478064174 177.34668271979064
537 0.08495039024407966 3906.0884318996577 178.94255137289437
542 0.084107590375534155 3939.6209538459907 180.4787160388147
547 0.083245861494312248 3971.4643509838224 181.93749989063156
552 0.082359133075492072 4001.25386997023 183.30219314439043
557 0.081442303796675913 4028.6503479223529 184.55725834551288
562 0.080491216758714734 4053.342800610475 185.68844893699628
567 0.079502660333977876 4075.05230623429 186.68298717981847
572 0.078474322591997173 4093.5335849593275 187.52963651337785
577 0.077404778227844112 4108.578166261862 188.21884665532622
582 0.076293431929152056 4120.0152388586821 188.74279253786139
587 0.075140491287094477 4127.7139130455225 189.09547794813813
592 0.073946895018147954 4131.5829325975619 189.27272233008799
597 0.07271427907939991 4131.5722277611749 189.2722319288161
602 0.071444898139412447 4127.6717820753402 189.09354787834386
607 0.070141579307083285 4119.9120234724996 188.7380641184038
612 0.068807643901949489 4108.3621115206361 188.2089489309646
617 0.067446854848697738 4093.1293886160838 187.51111979872158
622 0.066063333550299794 4074.3566963543594 186.65112046485669
627 0.064661508857297684 4052.2212598951737 185.637069824474
632 0.063246037129933264 4026.9314675696223 184.47851439457966
637 0.061821743664079144 3998.72458430194 183.18632356321595
642 0.060393554994192918 3967.8635348292501 181.7725422249367
647 0.058966438660741194 3934.6337881995405 180.25024805595825
652 0.057545341967804649 3899.3398120614061 178.63338908096048
657 0.05613513660732232 3862.3015524363659 176.93662240727485
662 0.054740568596333569 3823.8509332024178 175.1751538620673
667 0.053366200011672221 3784.3274469767307 173.36453600543666
672 0.052016380603104019 3744.0755088277433 171.52054690082215
677 0.050695188645753626 3703.4393578912318 169.65895655197869
682 0.049406413850281709 3662.7606675307211 167.79541742158639
687 0.04815350702148756 3622.3735099362871 165.94523375353961
692 0.04693957628297013 3582.602508672539 164.12327693897549
697 0.045767343399803997 3543.7578361125734 162.34375634278038
702 0.04463914903023513 3506.1337210829402 160.62015093703292
707 0.043556922481102552 3470.0041179014052 158.96501089447892
712 0.042522187750559007 3435.6210567323942 157.38988201635445
717 0.041536059493698846 3403.2121604434415 155.90519197662991
722 0.040599239334266506 3372.9781140954947 154.52013439635468
727 0.039712032849817232 3345.0918014381168 153.24262928547662
732 0.038874344699599488 3319.6956439919509 152.07920114304861
737 0.038085714800480057 3296.9024119978621 151.03501610777204
742 0.037345311874438993 3276.7925027968618 150.1137572773481
747 0.036651976436001155 3259.4155264007582 149.31769734535291
752 0.036004224164666324 3244.7885844288335 148.64761975728186
757 0.035400287577867819 3232.898031941721 148.1028994222529
762 0.034838134843080584 3223.6993875433345 147.68149859466877
767 0.034315502713375058 3217.1186711988703 147.38002816124927
772 0.033829924594716579 3213.0534903015341 147.19379739503799
777 0.033378765269307095 3211.3749462126175 147.11690129626825
782 0.032959248671665137 3211.9290981426684 147.14228765449857
787 0.032568497587243013 3214.5397918847329 147.26188663624285
792 0.032203554279376899 3219.00986484947 147.46666598906054
797 0.031861425359479376 3225.1249496057321 147.74680528626914
802 0.031539099976931967 3232.654875948816 148.09176015735639
807 0.031233590785471468 3241.3575722396372 148.49044101296252
812 0.030941953520241677 3250.9810342165092 148.93130323848669
817 0.030661319944182301 3261.2668709933082 149.4025096404755
822 0.030388918943244497 3271.952838177046 149.89204649174826
827 0.030122102604550234 3282.7760893049622 150.38787248359273
832 0.029858365211534465 3293.4758642880447 150.8780418865567
837 0.029595363376760529 3303.796471022461 151.35084114160955
842 0.029330930982797262 3313.4898589392078 151.79490675750915
847 0.029063094432769217 3322.3183678906007 152.19935124055746
852 0.028790083992679263 3330.0571699318143 152.55387495551369
857 0.028510341120991375 3336.4963570877053 152.84886176867252
862 0.028222526866502725 3341.4432401289191 153.07548435752867
867 0.027925524829141457 3344.7240907101118 153.2257840201982
872 0.027618442444210373 3346.1857311904491 153.29274350698438
877 0.027300610340409533 3345.6969256909651 153.27035074636777
882 0.026971579438766078 3343.1495124591065 153.15365071997124
887 0.02663111541426939 3338.4592077481807 152.93878228923242
892 0.026279190549555798 3331.5660582973264 152.62299892404869
897 0.025915976447345637 3322.4349599146608 152.20469245968724
902 0.025541832352236966 3311.0555689196549 151.68338903985511
907 0.02515729054564576 3297.4417528217054 151.05972395163187
912 0.024763045206715413 3281.6313957957077 150.33543271407467
917 0.024359940205101318 3263.6859843785928 149.5133320984844
922 0.023948943883691225 3243.6883431396163 148.59721639677153
927 0.023531143023007555 3221.742791712606 147.59186461529009
932 0.023107720381241592 3197.9729900486604 146.50294176330399
937 0.022679935489582765 3172.5200526283775 145.33691246280887
942 0.022249111957760668 3145.5414221456849 144.10098935065042
947 0.02181661913901815 3117.2088318624164 142.80303973156686
952 0.021383845064792927 3087.7048486752933 141.45142721198056
957 0.020952195774038739 3057.2230261717355 140.05501871166669
962 0.02052306751659954 3025.9640542604629 138.62300807375686
967 0.020097829732304902 2994.1332601484405 137.16480158152433
972 0.019677818515409767 2961.9395287600983 135.68996850150572
977 0.019264318525210919 2929.5924020762081 134.2081082007694
982 0.018858543326298174 2897.2987639460798 132.72869827422355
987 0.018461637112733263 2865.2626526442118 131.26108595761394
992 0.018074654711794376 2833.6816759863282 129.8143238997306
997 0.017698550704452341 2802.7446718962369 128.39706299019653
1002 0.017334179924774689 2772.6310744920684 127.01752331912527
1007 0.016982287630465387 2743.5086043590691 125.68338836577364
1012 0.016643498342820143 2715.5306350165638 124.40168435326471
1017 0.016318320445367879 2688.8360347588837 123.17877300313286
1022 0.016007143841545314 2663.5478839173343 122.02029277157069
1027 0.015710231121587252 2639.7710646938913 120.93104843684736
1032 0.015427725086320948 2617.592525216427 119.91502319599233
1037 0.015159652436159255 2597.0809457983792 118.97536337575416
1042 0.014905919217318197 2578.2850017785886 118.11429885122989
1047 0.014666318828966093 2561.2337606225656 117.33316123754577
1052 0.014440542011298855 2545.9374941543738 116.63242109916474
1057 0.014228175875930067 2532.3866276753547 116.01163980776683
1062 0.014028712810098409 2520.5524410525391 115.46950165994213
1067 0.01384156246339208 2510.3884070567956 115.00387518805127
1072 0.013666057183020008 2501.8304415038906 114.61182461948452
1077 0.013501459266929401 2494.7975352165759 114.28963882759591
1082 0.013346974433864612 2489.19361101411 114.03291640259904
1087 0.013201761101662622 2484.9087229064044 113.83662058807563
1092 0.013064937342952209 2481.8199039086476 113.69511812037064
1097 0.012935594120282582 2479.7932847279235 113.60227628814319
1102 0.012812804863166537 2478.6856389882641 113.55153372096184
1107 0.012695634898976439 2478.3459977466277 113.5359743521996
1112 0.012583150692131164 2478.617324118205 113.54840413560856
1117 0.01247443161966624 2479.3387894239395 113.58145531834187
1122 0.012368576341998602 2480.3470915569565 113.62764683688592
1127 0.012264712566764526 2481.4785298404004 113.67947936876281
1132 0.012162004919096093 2482.5708010222738 113.72951760918751
1137 0.012059662861385455 2483.4648942302497 113.77047708119888
1142 0.011956945917150933 2484.0065164875018 113.79528944023345
1147 0.011853170712281161 2484.0479615627532 113.79718808836613
1152 0.011747714793026212 2483.4493807298163 113.7697663893145
1157 0.011640022756772958 2482.0805956241079 113.70706071754925
1162 0.011529608073263082 2479.8220593704395 113.6035944887002
1167 0.01141605632422411 2476.5661536817797 113.45443758119133
1172 0.011299025833153412 2472.2179593419201 113.25524163296717
1177 0.011178251126348626 2466.6966671314417 113.00230467768739
1182 0.011053539745393281 2459.9355568202927 112.69257018235182
1187 0.010924774176200398 2451.8830975127444 112.32367745541006
1192 0.010791908863370541 2442.5029663016776 111.89396250133656
1197 0.010654968415271417 2431.7743135556693 111.40247017374712
1202 0.010514043859364358 2419.691567512999 110.84894522361827
1207 0.010369291610618118 2406.264833751668 110.23385059948333
1212 0.010220927142297134 2391.5190511158198 109.55832877941907
1217 0.010069219725373129 2375.493334118903 108.82417164575337
1222 0.0099144892589979137 2358.2407584854682 108.0338106604801
1227 0.0097571012062030952 2339.8276616567009 107.19028482058678
1232 0.0095974598208186067 2320.33247673189 106.29718723952779
1237 0.0094360000516870868 2299.8441695873566 105.35859354978604
1242 0.009273184943352759 2278.4619352701943 104.37904799430939
1247 0.0091094994521709032 2256.2939793035271 103.36350759665683
1252 0.0089454424245621889 2233.4557696637075 102.31726208199734
1257 0.0087815178692570769 2210.0680175540988 101.24584137395802
1262 0.0086182345234736574 2186.2566588121131 100.15501474285841
1267 0.0084560984175807846 2162.1510404653459 99.050707729692817
1272 0.0082956046845417911 2137.881823049735 97.938906048833061
1277 0.0081372312312555165 2113.5792664942996 96.825577062372119
1282 0.0079814387387424253 2089.373094108038 95.716663549202323
1287 0.007828664312786459 2065.3906793498036 94.618000638789326
1292 0.0076793143999585242 2041.7549570085346 93.535220119856973
1297 0.0075337608132641405 2018.5830771539509 92.473688776269626
1302 0.0073923415698545544 1995.9863053819715 91.438503817156345
1307 0.0072553573744683153 1974.0687446371442 90.434434322077749
1312 0.0071230653782302627 1952.9252619971969 89.465826264563631
1317 0.0069956783116633323 1932.6408173223094 88.536571756738425
1322 0.0068733662756387823 1913.290515648687 87.650111449533043
1327 0.0067562560814094013 1894.9389895273864 86.809406236892784
1332 0.0066444268838958846 1877.6387204085756 86.016860356396123
1337 0.006537911857561386 1861.430019595063 85.27432051671326
1342 0.0064367007741762535 1846.3412836553684 84.583087598382292
1347 0.0063407420508497722 1832.3891243708797 83.943922606842861
1352 0.00624994089667677 1819.5773840742131 83.357001563916683
1357 0.0061641622211163968 1807.89751864658 82.821933053371893
1362 0.0060832345113766501 1797.3292994275691 82.337790376244101
1367 0.0060069532446415897 1787.8414224112587 81.90313945883382
1372 0.0059350819029933 1779.3914390014493 81.516035680521625
1377 0.0058673550495552899 1771.9263186364665 81.174049648278597
1382 0.0058034833294788564 1765.3836336576278 80.874321476898416
1387 0.0057431571996984926 1759.692417364945 80.613600097548513
1392 0.0056860501958083953 1754.7739258756053 80.388278159411982
1397 0.0056318219175239036 1750.5423536191936 80.194424807373863
1402 0.0055801230736891843 1746.9062314846901 80.027849732795971
1407 0.0055305993750311743 1743.7695276919837 79.88415360574875
1412 0.0054828951912856451 1741.0327251951026 79.758777432133186
1417 0.0054366566916770461 1738.5937826860613 79.647046578408663
1422 0.00539153622767538 1736.3495381000823 79.544235067834478
1427 0.0053471954464190249 1734.1967603059918 79.445613759656339
1432 0.0053033087928158864 1732.0333709902386 79.346506325064681
1437 0.0052595661815090008 1729.759442626709 79.242334965377552
1442 0.005215675870857377 1727.2783016178296 79.12867094824496
1447 0.0051713671867715571 1724.4976228705282 79.001284751474074
1452 0.0051263923735286876 1721.3302711361946 78.856184605812132
1457 0.0050805287680987044 1717.6952799581359 78.689661341692542
1462 0.0050335801661146318 1713.5185884906541 78.49832214379191
1467 0.004985378160807569 1708.7337911565498 78.27912489373108
1472 0.0049357826254243769 1703.2826136837461 78.029399977878214
1477 0.0048846833239484678 1697.1157912683013 77.746890517039787
1482 0.0048319989107053624 1690.1930595309395 77.429751952168331
1487 0.0047776772475795811 1682.4835988588318 77.076572400187473
1492 0.0047216956250662875 1673.9664526162824 76.68639181272016
1497 0.0046640584564924701 1664.6300501568446 76.258680124707141
1502 0.0046047991848506588 1654.4732138835757 75.793383389033494
1507 0.0045439755299725186 1643.5037882286474 75.290860968455945
1512 0.0044816697871532286 1631.7390427566404 74.751904002243634
1517 0.0044179873369064402 1619.2054268599952 74.177724168485298
1522 0.0043530540672268424 1605.9379045571447 73.569923210401441
1527 0.0042870156663611901 1591.9799491193564 72.930492690193702
1532 0.0042200323904021718 1577.381838372396 72.261735894788856
1537 0.0041522789999910645 1562.200820424144 71.566275428017818
1542 0.0040839420733784302 1546.5002866839702 70.847015325650759
1547 0.0040152179783442075 1530.349158087123 70.107112937607283
1552 0.0039463099738373609 1513.8209088681078 69.349934205855106
1557 0.0038774231994709936 1496.9917330097128 68.578969667261759
1562 0.0038087655880855217 1479.9409383517873 67.797852508185912
1567 0.0037405441036979089 1462.7495265424739 67.01029351035632
1572 0.003672963790008013 1445.4998230192198 66.220064099862427
1577 0.0036062235397490887 1428.2737938275402 65.430919238622309
1582 0.0035405128041197144 1411.1516730697631 64.646534546179126
1587 0.0034760126656811639 1394.2122899801334 63.870521283400279
1592 0.0034128930724866202 1377.5318617370745 63.106371049772868
1597 0.0033513119412478466 1361.1835022856033 62.35743328197514
1602 0.003291411747475628 1345.2356890269753 61.626845011107577
1607 0.0032333174679490292 1329.7512319764678 60.917483638586312
1612 0.0031771387379360629 1314.7879536255675 60.231998081437595
1617 0.0031229677490237267 1300.3976263824263 59.572760095182836
1622 0.0030708793087895273 1286.6257814212231 58.941855517000732
1627 0.0030209284797232424 1273.5104958777101 58.341028705714514
1632 0.0029731502832239642 1261.0820171344744 57.77166532985342
1637 0.0029275620733037119 1249.3635194491399 57.234827029689455
1642 0.0028841630615608592 1238.3706722076565 56.731231638407735
1647 0.0028429346536610902 1228.1115491676178 56.261249024434967
1652 0.0028038401921573171 1218.5862828247007 55.824885257555522
1657 0.0027668253269078204 1209.7869870048312 55.421779062766554
1662 0.00273182081839929 1201.6987533808701 55.051247471891188
1667 0.0026987431026544444 1194.2996998624017 54.712288040372272
1672 0.0026674954576992628 1187.561294029608 54.403593664162337
1677 0.0026379687888237052 1181.4485227867349 54.12356035175047
1682 0.0026100429572431419 1175.9203178647315 53.870306716943638
1687 0.0025835889090936059 1170.9303639520333 53.641711000298002
1692 0.0025584706951190207 1166.4278900310153 53.43544732118179
1697 0.0025345466012529358 1162.3580845920128 53.249004699222972
1702 0.0025116703837309452 1158.6625765991223 53.079709087923874
1707 0.0024896931965861097 1155.2802571605482 52.924761016355973
1712 0.0024684654408027723 1152.1480955672196 52.781272972858226
1717 0.002447838275537865 1149.2018266531873 52.64630089383359
1722 0.0024276652051872438 1146.3766987026904 52.516878426260085
1727 0.0024078034393717092 1143.6081397368666 52.39004745107659
1732 0.0023881153714627149 1140.8325031756481 52.262892242840095
1737 0.0023684696231815825 1137.9876299478767 52.132565220657888
1742 0.0023487428852601898 1135.0138132682314 51.996331145764664
1747 0.0023288202300012417 1131.854052141583 51.851578734858194
1752 0.0023085968041177108 1128.4549857419461 51.695863465109134
1757 0.0022879780416345677 1124.7671296267101 51.526918395415592
1762 0.0022668808253148115 1120.7455856818981 51.342686689838736
1767 0.0022452335548137641 1116.3502292861451 51.1413301918071
1772 0.0022229772579625043 1111.5464205849223 50.921262008433679
1777 0.0022000649743458395 1106.3048671973297 50.681140220951022
1782 0.0021764629246252415 1100.6023809750538 50.419902552738122
1787 0.0021521494481193302 1094.4215212302704 50.136750025166783
1792 0.0021271150910892231 1087.7508098169847 49.831156810733312
1797 0.0021013631491193698 1080.5851826820108 49.502890919145315
1802 0.0020749082863959754 1072.9254577685433 49.151989821352252
1807 0.0020477764815949014 1064.7784704374139 48.778766653353991
1812 0.0020200045116150673 1056.1569676731542 48.383805369654951
1817 0.0019916383055143196 1047.0789007158028 47.967928337886775
1822 0.0019627326945675892 1037.5674284113679 47.532196492297082
1827 0.0019333516198810168 1027.6511605075907 47.077920479417344
1832 0.0019035653053984607 1017.3627837907136 46.606597719756181
1837 0.0018734508540814879 1006.7394792889344 46.119931520385208
1842 0.0018430899133682354 995.82176723204043 45.619778161167709
1847 0.0018125673856240669 984.6528793789131 45.108118140335989
1852 0.0017819715855960201 973.27889943193543 44.587062607042164
1857 0.0017513933940037682 961.74835537424144 44.058834685843294
1862 0.0017209236166254205 950.11080644593096 43.525704744403122
1867 0.0016906534449011947 938.41710492739787 42.990002386097395
1872 0.0016606716207382703 926.71782695790205 42.454044563948408
1877 0.0016310640869259085 915.06304711856501 41.920125254004347
1882 0.0016019144156873132 903.50254532719578 41.390524933436986
1887 0.0015733023367633726 892.08494352048615 40.867471030927469
1892 0.0015453020455053503 880.8566900880312 40.353091402382347
1897 0.0015179824455629064 869.86212182834515 39.849417169212245
1902 0.0014914049786818235 859.14213967244405 39.358322051656003
1907 0.0014656240644111411 848.73435568006914 38.881529102852284
1912 0.0014406877197514223 838.67335191495636 38.420622568223209
1917 0.0014166363179904744 828.98986089961102 37.977010341133997
1922 0.0013935018253591266 819.71020362125944 37.55189821727798
1927 0.00137130811623775 810.85635034182189 37.146292680453691
1932 0.0013500700086486914 802.44522558610493 36.760969063248304
1937 0.0013297940585523011 794.48904514398635 36.396486985508083
1942 0.0013104794541068956 786.99572673878799 36.053209167544409
1947 0.0012921173858559127 779.96839633385912 35.731278813451851
1952 0.001274691099993717 773.4052962825906 35.430615403351226
1957 0.001258176447464612 767.29999590250645 35.150924340038856
1962 0.0012425419780984356 761.64133249928398 34.891694247226901
1967 0.0012277498001625625 756.41382484571159 34.6522159115056
1972 0.001213756633864373 751.59822205966896 34.431607427095578
1977 0.0012005139123233016 747.17147874969771 34.228813057236955
1982 0.0011879683615289892 743.10703104559946 34.042615879478916
1987 0.0011760625566115865 739.37506809900879 33.87165022344351
1992 0.0011647357702104285 735.94299815648708 33.714423022187759
1997 0.0011539247510258617 732.77588596355201 33.569333850201865
2002 0.0011435645966995053 729.83696484531004 33.434698382431321
2007 0.0011335894493444089 727.08805144532971 33.308767393957417
2012 0.001123933035959056 724.48987362926391 33.189741781651669
2017 0.0011145293047888055 722.0024708286137 33.075790904399263
2022 0.0011053135089296926 719.58589777570819 32.965084822034505
2027 0.0010962223525663056 717.20033595011978 32.85579940083349
2032 0.0010871951378016948 714.80686588289871 32.746151693688546
2037 0.0010781740405346027 712.36768646709936 32.634409986983989
2042 0.0010691047241758345 709.84656426553045 32.518914383917938
2047 0.0010599367482868162 707.20915831472075 32.398091684157805
2052 0.0010506242126692102 704.42351121015361 32.27047788103831
2057 0.0010411257060859579 701.46008479038949 32.134719796293538
2062 0.0010314051664606118 698.29241245270043 31.989604963411029
2067 0.0010214316293051162 694.89701261028972 31.834057663004259
2072 0.0010111797997409708 691.25386083286242 31.667160552133041
2077 0.0010006297811392709 687.34629460011604 31.48815030094778
2082 0.00098976750511757354 683.16139743548661 31.296435190312717
2087 0.00097858452378952565 678.68994994081368 31.091592868645776
2092 0.00096707751346566636 673.9261762997287 30.873358738937625
2097 0.00095524918397140964 668.86846574063657 30.641659009827954
2102 0.00094310717212712938 663.51869461294075 30.396579639111977
2107 0.00093066426397198792 657.88246622410497 30.138377320961148
2112 0.00091793773944634407 651.96873246533062 29.867462152145976
2117 0.00090494950909833201 645.78996802078257 29.584405612767565
2122 0.00089172490756246137 639.36138479442639 29.28990457821784
2127 0.00087829303429649093 632.70123701431578 28.98479529636937
2132 0.00086468661339398364 625.83078559950866 28.670051755181493
2137 0.00085094080039917121 618.77349441628564 28.346748862242844
2142 0.00083709287665655594 611.55485098985343 28.016054231361501
2147 0.00082318183540577492 604.20210178835146 27.679216055610855
2152 0.00080924787361590761 596.74390975446352 27.337547418445908
2157 0.00079533126202137002 589.2095409336988 26.992389032178568
2162 0.00078147328313148698 581.62956707641979 26.64514142501119
2167 0.00076771510817362281 574.03504654309711 26.297227417333261
2172 0.00075409696838176464 566.4569031625914 25.950063666481409
2177 0.00074065777944579451 558.92562983556388 25.605047088459518
2182 0.00072743496279590453 551.47113342911825 25.263547752377992
2187 0.00071446363576222285 544.12209513267794 24.926879577596658
2192 0.00070177637049540723 536.90574883943168 24.596290181115485
2197 0.0006894038707900231 529.84835966307628 24.272982798995027
2202 0.00067737388652829521 522.97435570415848 23.95807651154113
2207 0.00066571068206096404 516.30586635323493 23.652585092424204
2212 0.00065443508669879591 509.86270253776024 23.357416103765686
2217 0.00064356435577032065 503.66218936746083 23.073363229423819
2222 0.00063311179541958328 497.71880968915389 22.801089945816457
2227 0.00062308701004505586 492.04433093520913 22.541135332999787
2232 0.00061349640281665411 486.64813752076191 22.293929302179535
2237 0.00060434255235951068 481.53667801755489 22.059767270087946
2242 0.00059562409055589948 476.71329968725365 21.83880257875834
2247 0.00058733599716349232 472.1784150306737 21.631054125343127
2252 0.000579469755372988 467.92956190273259 21.436409116051131
2257 0.00057201339507951783 463.96137546557259 21.254621781286822
2262 0.0005649519709538006 460.26591488917518 21.085328342193613
2267 0.00055826790537140251 456.83288939288417 20.92805736588452
2272 0.00055194098923840138 453.6496101847153 20.78222756372487
2277 0.00054594848736618927 450.7010284136457 20.647149529971752
2282 0.0005402656545407526 447.97011563610903 20.522043171396149
2287 0.00053486596309463891 445.43801498021713 20.406044632295512
2292 0.00052972142741200101 443.08427812602383 20.298217150841147
2297 0.00052480311346234229 440.88726462742812 20.197569352489023
2302 0.00052008137950200907 438.8243254209932 20.103063656736733
2307 0.00051552620107309858 436.87206295577704 20.01362819398009
2312 0.00051110739466663142 435.00651216035482 19.928165095827385
2317 0.0005067950924323621 433.20354090083305 19.845568840556759
2322 0.00050255985127197519 431.43894706122848 19.764730700483682
2327 0.00049837326819876808 429.68899457802019 19.684563298340578
2332 0.00049420796500046515 427.93041710208786 19.604000775034574
2337 0.00049003803743553475 426.14082540470804 19.52201745340016
2342 0.00048583924159937772 424.29889540539648 19.43763645197803
2347 0.00048158911586153373 422.38450404066492 19.349935909324238
2352 0.0004772673509540201 420.37908663989958 19.258065355823732
2357 0.00047285573294909985 418.26562503511246 19.161245168983942
2362 0.00046833853878430314 416.02903664404516 19.058784397793996
2367 0.00046370230962511225 413.65601772212801 18.950073581910726
2372 0.00045893623192054745 411.13542618079248 18.834602289020371
2377 0.0004540320989402658 408.45829590922369 18.711959770935046
2382 0.00044898421906623567 405.61780243514704 18.5818333904726
2387 0.00044378944839158324 402.60933958057944 18.444012133147638
2392 0.00043844727234710836 399.43064182658327 18.298392212846256
2397 0.00043295947779209079 396.08153419605549 18.144965613659508
2402 0.00042733032254121597 392.56413190159867 17.983829235989514
2407 0.00042156605333853141 388.88244312277402 17.815166699303564
2412 0.00041567549288830391 385.04295125951006 17.639275015854455
2417 0.00040966923256626701 381.05391403411579 17.456532481711072
2422 0.00040355948698666584 376.92526241936605 17.267394046533902
2427 0.00039736019684412458 372.66872925724294 17.072397205752392
2432 0.00039108655831690753 368.29744043426257 16.872143271820971
2437 0.0003847549189768928 363.82584189053057 16.667294030417189
2442 0.00037838242504230487 359.26938825638763 16.458557476516564
2447 0.00037198713141080645 354.64466459554677 16.246693391590309
2452 0.00036558791659721323 349.96932405733008 16.032510487380243
2457 0.00035920353390585859 345.26119340456546 15.81682542906913
2462 0.00035285275594732662 340.53841153795111 15.600469181246392
2467 0.00034655426854693827 335.81932856190446 15.384282383994725
2472 0.00034032619230774867 331.12204007498855 15.169094018181287
2477 0.00033418603633554513 326.46433231881849 14.955718892663954
2482 0.00032815048846904514 321.86346580119414 14.744947731809967
2487 0.00032223565158548206 317.33639316167768 14.537557156176858
2492 0.00031645654873437224 312.89925960524027 14.334286796784342
2497 0.00031082658450529366 308.56684802784565 14.135813875658123
2500 0.00030752527215970987 306.02340535483881 14.019295745279493
