# ell Cl ell_ellplus1_Cl_over_2pi quadrupole_normalized
2 7509.133239191422 7170.6940401178226 1
7 628.79229232480986 5604.2224840883418 0.78154533616055077
12 222.82892026150935 5532.4345632580453 0.77153404291213357
17 112.77728602713276 5492.4131371502563 0.76595279430720342
22 67.600679247569914 5444.0450228619529 0.75920754565795157
27 44.774856091167933 5387.3615928920526 0.75130267206373957
32 31.672130803912161 5323.0596415346645 0.74233534602840201
37 23.469014460346699 5251.704783168243 0.73238444616191589
42 17.999861784727862 5173.7691622866823 0.72151581608991244
47 14.17525625101498 5089.6761019841369 0.70978849097576435
52 11.398710901869265 4999.8282256063649 0.69725861926807464
57 9.3214297963713744 4904.6216847353853 0.68398144688582985
62 7.710738938994222 4793.4518597273309 0.66847809053202456
67 6.3072100032706864 4573.4205454781004 0.63779329028560161
72 5.0844628775872618 4253.2466540597006 0.5931429552375399
77 4.0586972429106991 3879.646142708445 0.5410419299726108
82 3.2322071410712798 3501.154386930828 0.48825878880662715
87 2.5919786908674136 3158.3007482853682 0.4404456152522544
92 2.1126145452394098 2876.8099563153241 0.40118989043744707
97 1.7615912382621677 2665.1587518492297 0.37167375109556872
102 1.5050396665880439 2516.5494831270062 0.35094922040289095
107 1.3126454446018563 2414.2103115255918 0.33667735619715877
112 1.1608231515828789 2338.2053987243648 0.32607797594526083
117 1.033888973923756 2271.7571543976428 0.31681133537254019
122 0.92344957190136367 2205.455290347335 0.30756510848301327
127 0.82611347699415327 2137.3395858103599 0.29806592972069423
132 0.740007106334582 2067.671749863066 0.28835029612127921
137 0.66359762832213909 1996.7542174384851 0.27846038420650226
142 0.59560675569644661 1924.8820765085807 0.26843734591651219
147 0.53496065134964588 1852.3413462696781 0.25832106849161313
152 0.48075108898132479 1779.4075423136539 0.24814997437603908
157 0.43220508614643161 1706.3446075189813 0.23796087212374553
162 0.38866094318288896 1633.4041356316836 0.22778884812171471
167 0.34954904899863004 1560.8242697377541 0.21766711297475858
172 0.31437660899775527 1488.8292991530948 0.20762694528919429
177 0.28271525716036433 1417.6291891178903 0.19769762608566085
182 0.25419095806922593 1347.4191251019968 0.18790637524953679
187 0.22847579098268223 1278.3794389461889 0.17827834123085573
192 0.20528114774520995 1210.6754518531152 0.16883657914837241
197 0.18435209120430293 1144.4573600747235 0.15960203484792926
202 0.16546270043260805 1079.8604787585325 0.15059357890840774
207 0.14841214420158333 1017.0053831520286 0.14182802633360131
212 0.13302136659943425 955.99803865411752 0.13332015468873767
217 0.11913031883777223 896.93023322104875 0.12508276440230201
222 0.10659558674002215 839.87991108929191 0.11712672530586617
227 0.095288366647966166 784.91154774582208 0.10946102892613795
232 0.085092751433873903 732.0767328401854 0.1020928697758462
237 0.075904234892700581 681.41461122679198 0.095027706859961841
242 0.067628426986983639 632.95240916294847 0.088269337057441694
247 0.060179954511383846 586.70612329975711 0.081819991205497988
252 0.053481486878390883 542.68106234626941 0.075680409638193474
257 0.047462892165240647 500.87246739522215 0.069849928694906666
262 0.042060505079940434 461.26622427109936 0.064326580061909902
267 0.037216473570345819 423.83947832267074 0.059107176509194163
272 0.032878187264956893 388.5613035727165 0.054187405207757541
277 0.028997775913001417 355.39342272859744 0.049561928139770124
282 0.025531656649046153 324.29083194562213 0.045224469225895687
287 0.022440135762541856 295.20247627731561 0.041167908521232213
292 0.019687055400899142 268.07194592123221 0.037384379311326398
297 0.017239472185641411 242.83809097893416 0.033865353844457713
302 0.015067372034044726 219.43566486441827 0.030601733059135328
307 0.013143414439417626 197.79596414472766 0.027583935814039787
312 0.011442698772430197 177.84740329774655 0.024801979041742004
317 0.0099425553635524942 159.51610321487942 0.022245559819235903
322 0.0086223561032685581 142.72645561668105 0.019904134079375094
327 0.0074633409086314268 127.40163680696816 0.017766988257230786
332 0.0064484609043075443 113.46411237020169 0.015823309673429792
337 0.005562235911416984 100.83612256380555 0.014062254225275617
342 0.0047906225112049183 89.440106701494415 0.012473005569768363
347 0.0041208949446700609 79.199126813904542 0.011044834205839748
352 0.0035415353439878705 70.037249291329729 0.0097671506969190022
357 0.0030421325015223266 61.879885357716653 0.0086295531522496659
362 0.002613289516692022 54.654113390231856 0.0076218721764530649
367 0.0022465385426029163 48.288964048710241 0.0067342106326874875
372 0.0019342620492154238 42.715669167715696 0.0059569783522675345
377 0.001669620456289765 37.867884060677554 0.0052809231364242312
382 0.0014464853902484837 33.681879677155585 0.0046971575538875101
387 0.0012593778003247729 30.096698368816973 0.0041971806634664962
392 0.0011034110792366586 27.054286784864374 0.0037728965471827383
397 0.00097423837574166737 24.499597142478184 0.0034166284330931552
402 0.00086800387074742805 22.380660160320904 0.0031211288663423667
407 0.00078129796046234965 20.648637240459433 0.0028795869862717153
412 0.00071111558319637098 19.257840929201684 0.0026856313798162353
417 0.00065481800606897599 18.165739475395775 0.0025333307171891677
422 0.00061009730897312062 17.332933044504127 0.0024171904347796338
427 0.0005749439087129461 16.723117947942441 0.0023321477467009122
432 0.00054761634580235258 16.303024369400006 0.0022735629603201045
437 0.00052661370337398676 16.042344381093443 0.002237209437655751
442 0.0005106500977245011 15.913640637144715 0.0022192608620745496
447 0.00049863135968029871 15.892245204042947 0.0022162771295401442
452 0.00048963356565664853 15.956144132027145 0.0022251882513404471
457 0.00048288350977485956 16.085856290351163 0.0022432774568759669
462 0.00047774066470575771 16.264297426940264 0.0022681622358932804
467 0.0004736810320221003 16.476647842349426 0.0022977758847564349
472 0.00047028209478661994 16.710202583665531 0.0023303466150106388
477 0.00046720958773507448 16.954233251627802 0.0023643782814849012
482 0.00046420500312350637 17.199828538191191 0.0023986281442163688
487 0.00046107500196402288 17.439759502485398 0.0024320880803051026
492 0.00045768107494140826 17.668313981864745 0.0024639614914561932
497 0.00045393114208602022 17.881166281179571 0.0024936451312996982
500 0.00045148651095329266 18.000005644361185 0.0025102180547178139
