# ell Cl ell_ellplus1_Cl_over_2pi quadrupole_normalized
2 1.6555781142367227 1.5809606433331982 1
7 0.18012368011412971 1.6053841472517563 1.015448521139062
12 0.06465972649281708 1.6053827540870838 1.0154476399250494
17 0.03296375892779075 1.6053816239317331 1.0154469250714853
22 0.019934585224670211 1.6053800151584201 1.0154459074792257
27 0.013342441954842181 1.6053777860625469 1.0154444975163135
32 0.0095519612266125788 1.6053753887820166 1.0154429811720955
37 0.0071741484400272455 1.6053724685077164 1.0154411340202942
42 0.0055851779616785651 1.6053690772522025 1.0154389889602458
47 0.0044711027711376557 1.6053653296140562 1.0154366184786261
52 0.0036599353482639888 1.6053611865131088 1.0154339978561806
57 0.0030510443885932953 1.6053565596996859 1.0154310712726238
62 0.0025823659923811656 1.6053515968588532 1.0154279321427198
67 0.0022139348626925054 1.6053461327809853 1.0154244759669502
72 0.0019190735275702924 1.6053402800938845 1.0154207739854206
77 0.0016794224677148127 1.6053340539820673 1.0154168358027444
82 0.0014820113689453657 1.605327375195599 1.0154126112912132
87 0.0013174666348030311 1.605320241713462 1.015408099172479
92 0.0011788776907627045 1.6053127560379634 1.0154033642819993
97 0.0010610590862202517 1.6053048223938722 1.0153983460393727
102 0.00096005855834898376 1.6052964731899695 1.0153930649440224
107 0.00087282106460162361 1.6052877210244081 1.0153875289646175
112 0.00079695498967881069 1.6052785102247091 1.0153817028868226
117 0.00073056656949915095 1.605268914634765 1.0153756334188793
122 0.00067214042912200128 1.6052589230305934 1.0153693134613182
127 0.00062045236387602498 1.6052484741526949 1.0153627042658633
132 0.00057450474485117769 1.6052375996427057 1.0153558258466977
137 0.00053347797884827118 1.6052263581308917 1.0153487152890366
142 0.00049669364483251885 1.6052146576744046 1.0153413144365635
147 0.00046358637213407333 1.6052025555611433 1.0153336595254105
152 0.00043368190877287899 1.6051900393415859 1.015325742680921
157 0.0004065800618814246 1.6051770753133943 1.0153175425854624
162 0.00038194127029711364 1.6051637331054318 1.0153091032811579
167 0.0003594758585672628 1.6051499669186602 1.0153003957988878
172 0.00033893552587029046 1.6051357734542944 1.0152914180520818
177 0.00032010643953926372 1.6051211274319632 1.0152821540502277
182 0.00030280368076370678 1.6051061521282874 1.0152726817690936
187 0.0002868665947128336 1.6050906523798514 1.0152628777625856
192 0.00027215518947269946 1.6050748478763754 1.0152528809903429
197 0.00025854689081357998 1.6050585061610143 1.0152425444171778
202 0.00024593414204438613 1.6050418594448521 1.0152320149228273
207 0.00023422211781618608 1.6050246828102135 1.0152211502408308
212 0.00022332708629263899 1.6050072400549955 1.0152101172304322
217 0.00021317474510141517 1.6049891892006412 1.0151986995810236
222 0.00020369913786128091 1.6049708907100904 1.0151871252950804
227 0.0001948413935913592 1.6049520543650837 1.0151752108017715
232 0.00018654896353913512 1.6049328931216995 1.0151630908015268
237 0.00017877472774898388 1.6049132407230726 1.0151506601324207
242 0.00017147640485437081 1.6048932143293084 1.0151379929013618
247 0.00016461592134225597 1.6048727492119179 1.0151250481658449
252 0.00015815894397071452 1.6048518607711129 1.0151118356669171
257 0.00015207444574324747 1.6048306243538204 1.0150984030635299
262 0.00014633429884077444 1.6048088195649013 1.0150846109498484
267 0.00014091302948539432 1.6047867832793616 1.0150706724083465
272 0.00013578741839423403 1.6047641518324631 1.0150563574113263
277 0.00013093637894721183 1.6047412744118204 1.015041886829317
282 0.00012634061799772725 1.6047178090395344 1.0150270443521276
287 0.00012198255709440473 1.6046940757379982 1.0150120324025032
292 0.00011784606245517016 1.6046698014609997 1.0149966782713924
297 0.00011391637961071219 1.6046451920342069 1.01498111214905
302 0.00011017994298801617 1.6046201679808645 1.0149652837642966
307 0.00010662427833212296 1.6045946075236541 1.0149491160897135
312 0.00010323793026092095 1.6045688332700223 1.0149328131831608
317 0.00010001028894856829 1.6045423928893876 1.0149160889334166
322 9.693162136993795e-05 1.6045158179056103 1.0148992795435754
327 9.3992864340337236e-05 1.6044885141566088 1.0148820091901882
332 9.118570122981914e-05 1.6044610961329626 1.0148646665550241
337 8.8502359619504247e-05 1.604432987723613 1.0148468872323901
342 8.5935689007796736e-05 1.6044046835972898 1.0148289841135221
347 8.3479004951757881e-05 1.6043758426853525 1.0148107414633594
352 8.1126115893565722e-05 1.6043465477537895 1.014792211633609
357 7.8871266321653991e-05 1.6043170097159123 1.014773528032596
362 7.6709063418594988e-05 1.6042867900244449 1.0147544132674089
367 7.463452715121167e-05 1.6042564728142183 1.0147352368189917
372 7.264295143460497e-05 1.6042253851310693 1.0147155730257909
377 7.0730000886232353e-05 1.604194212571763 1.0146958555461447
382 6.8891565299742118e-05 1.6041623571450054 1.0146757061345246
387 6.7123841761120145e-05 1.6041302445697034 1.0146553940695551
392 6.5423243068564693e-05 1.6040977054510941 1.0146348122045057
397 6.3786405951705183e-05 1.6040645573971231 1.0146138451715117
402 6.2210203665504345e-05 1.6040313570757521 1.0145928450779857
407 6.0691646876325907e-05 1.6039972754232059 1.0145712875188586
412 5.9227993114960074e-05 1.6039632612702595 1.0145497726550385
417 5.7816594225139258e-05 1.6039283866881313 1.0145277135466886
422 5.645501852334263e-05 1.6038934145412691 1.0145055927260282
427 5.5140932606827522e-05 1.6038578820806599 1.0144831174918982
432 5.3872156127492745e-05 1.603821874403339 1.0144603416704554
437 5.2646640088916878e-05 1.6037857074412094 1.0144374650970995
442 5.1462417400778793e-05 1.6037486734734117 1.0144140401194104
447 5.0317684677184753e-05 1.6037117751724308 1.0143907009546207
452 4.9210672901835514e-05 1.6036739405368989 1.0143667695331198
457 4.8139768749340364e-05 1.60363604529314 1.0143427997752901
462 4.7103404933905491e-05 1.6035976090469304 1.0143184878189035
467 4.6100110784196306e-05 1.6035585964714301 1.0142938113187865
472 4.5128510319491979e-05 1.6035195855796094 1.014269135883642
477 4.4187254987436258e-05 1.6034795677843643 1.0142438235550815
482 4.3275126704749362e-05 1.6034397610577944 1.0142186447331178
487 4.2390904979390206e-05 1.6033989801749469 1.014192849731187
492 4.1533486260913022e-05 1.603358137788897 1.0141670158268312
497 4.0701788152883624e-05 1.6033168347042801 1.0141408905182785
502 3.9894785378716002e-05 1.603274801608543 1.014114303458117
507 3.9111531535986123e-05 1.6032329342207834 1.0140878212126949
512 3.8351073173975606e-05 1.6031899399932541 1.0140606262109024
517 3.7612565581559856e-05 1.6031471690999286 1.0140335724739824
522 3.6895148761084754e-05 1.6031035995642344 1.0140060135743489
527 3.619803535977161e-05 1.6030596002889337 1.0139781828528909
532 3.5520475459543771e-05 1.6030155799952939 1.0139503388367699
537 3.486172127429622e-05 1.6029704606934256 1.0139217996684746
542 3.4221114471832109e-05 1.6029257173489182 1.0138934983032912
547 3.3597963583988381e-05 1.6028798578603127 1.0138644909470367
552 3.2991662008256966e-05 1.6028339585154052 1.0138354583806026
557 3.2401601554039109e-05 1.6027877072314463 1.0138062032032811
562 3.1827195996682478e-05 1.6027405343304617 1.0137763650784779
567 3.1267921643708072e-05 1.6026937421978258 1.0137467677998657
572 3.0723220220224838e-05 1.6026456763886432 1.013716364886684
577 3.0192616926305646e-05 1.6025977920973462 1.0136860767884326
582 2.967561644130108e-05 1.6025493790110668 1.0136554542131753
587 2.9171751804781416e-05 1.6025001131871517 1.0136242922584973
592 2.8680604301048515e-05 1.6024512617834064 1.0135933924356895
597 2.8201718152983617e-05 1.6024010272973317 1.013561617776221
602 2.7734718149266145e-05 1.6023511331089166 1.0135300583641476
607 2.7279196829933663e-05 1.6023005486984672 1.0134980623681291
612 2.6834780063203835e-05 1.6022492187024646 1.0134655947692557
617 2.6401128293814113e-05 1.6021982693551888 1.0134333679409087
622 2.5977867827908225e-05 1.6021459114087659 1.0134002501358301
627 2.5564697770405015e-05 1.602093944894674 1.0133673799221969
632 2.5161282774628181e-05 1.6020412656275884 1.0133340588731832
637 2.4767316631077953e-05 1.6019877801898119 1.01330022789959
642 2.4382526586194762e-05 1.6019348113829281 1.0132667237088897
647 2.4006599289415399e-05 1.6018803042753338 1.0132322465017407
652 2.3639293336204524e-05 1.6018262205554632 1.0131980370986804
657 2.3280332138512691e-05 1.6017715177000766 1.0131634360758039
662 2.2929459594165826e-05 1.6017158337089454 1.0131282144582601
667 2.2586457609177809e-05 1.6016608160538519 1.0130934143161279
672 2.2251062140344659e-05 1.6016042607950554 1.0130576415984232
677 2.1923073701076678e-05 1.601547921201361 1.0130220052946783
682 2.1602269286495613e-05 1.6014913066096159 1.0129861950472923
687 2.1288426855513958e-05 1.6014333800281486 1.0129495549312264
692 2.0981374312597741e-05 1.6013762841523873 1.0129134402587947
697 2.0680888082997033e-05 1.6013177466228405 1.0128764137016864
702 2.0386798826276344e-05 1.6012590827241648 1.0128393072127151
707 2.009892986945367e-05 1.6012005770764541 1.0128023008217228
712 1.9817085320814135e-05 1.6011404683748058 1.0127642804561294
717 1.95411273205416e-05 1.6010811554266333 1.0127267634259474
722 1.9270871127875706e-05 1.6010207979196824 1.0126885856843284
727 1.9006164082532481e-05 1.6009596861914261 1.0126499308775097
732 1.8746872666742993e-05 1.6008993080441474 1.0126117400803298
737 1.8492821025056699e-05 1.6008371265067005 1.0125724085905112
742 1.8243894474035531e-05 1.6007754021530651 1.0125333662817126
747 1.7999947616418766e-05 1.6007133704726526 1.0124941295804866
752 1.7760835325297572e-05 1.6006498418039172 1.012453945994005
757 1.7526458264263543e-05 1.6005873484731465 1.0124144172865486
762 1.7296665929331547e-05 1.600523438297744 1.0123739923868698
767 1.7071349291385799e-05 1.600459040527727 1.012333259070523
772 1.6850405304894938e-05 1.6003953371608677 1.0122929649827934
777 1.6633694139262879e-05 1.6003296763919315 1.012251432785763
782 1.6421134801860505e-05 1.6002646546965216 1.0122103048198745
787 1.6212611978019296e-05 1.6001992782787684 1.0121689524825923
792 1.6008011637601591e-05 1.6001323000257874 1.0121265869415756
797 1.5807263069150464e-05 1.6000664733014154 1.012084949773282
802 1.5610245540983018e-05 1.5999992517137727 1.0120424303165667
807 1.5416873961356744e-05 1.599931352694562 1.0119994823662195
812 1.5227074179751456e-05 1.5998643825961392 1.0119571219831796
817 1.5040731082148467e-05 1.5997953800758422 1.0119134760388051
822 1.4857783716574725e-05 1.5997267849922754 1.011870087809088
827 1.46781473564883e-05 1.5996582911146384 1.0118267635948353
832 1.4501723861934894e-05 1.5995878271125905 1.011782193224064
837 1.4328464477185357e-05 1.5995184709260113 1.0117383235762827
842 1.4158276570939462e-05 1.5994482365861276 1.0116938984729889
847 1.3991083529069597e-05 1.5993766218819856 1.0116486002522873
852 1.3826838777863137e-05 1.5993063313543123 1.0116041396087099
857 1.3665447314783757e-05 1.5992342915244828 1.0115585724846115
862 1.3506854031929266e-05 1.5991617729298948 1.0115127025289652
867 1.3351007032711232e-05 1.5990902635050774 1.0114674709002596
872 1.3197816960312453e-05 1.5990165587603058 1.0114208506728162
877 1.304724455372693e-05 1.598943226830714 1.0113744662609705
882 1.289923064772074e-05 1.5988702756147541 1.0113283226607062
887 1.2753696613966469e-05 1.5987950647725901 1.0112807497862761
892 1.2610613515905798e-05 1.5987209303373089 1.0112338577680631
897 1.2469915117240907e-05 1.5986463800376274 1.0111867027044656
902 1.2331536767084435e-05 1.5985698646407587 1.0111383046642035
907 1.219545370865101e-05 1.5984948053346857 1.0110908276404147
912 1.2061596110858966e-05 1.5984186173543853 1.0110426366999117
917 1.1929912977689192e-05 1.5983409422321513 1.0109935051022583
922 1.1800380053438329e-05 1.59826485083632 1.0109453752540218
927 1.1672926583675248e-05 1.5981870086963395 1.0108961380131656
932 1.1547514425593072e-05 1.5981082783579934 1.0108463389630258
937 1.142411713546514e-05 1.598031031106137 1.0107974780048594
942 1.1302666073015143e-05 1.597951611769775 1.0107472431449995
947 1.1183133137798181e-05 1.5978718408615269 1.0106967859064944
952 1.1065489468941701e-05 1.5977933520697976 1.0106471396410668
957 1.0949670024836955e-05 1.5977124159174099 1.0105959453543976
962 1.0835654737642245e-05 1.5976316266543766 1.0105448439791838
967 1.0723411994036748e-05 1.5975518223249443 1.0104943656008833
972 1.0612881655289929e-05 1.5974694382021828 1.0104422554341255
977 1.05040493821216e-05 1.5973875857910635 1.0103904815892393
982 1.0396881951684337e-05 1.597306467753641 1.0103391722554083
987 1.0291323722548408e-05 1.5972226801138616 1.0102861743265017
992 1.0187364808862668e-05 1.5971397211048703 1.0102337005287882
997 1.008497113596951e-05 1.5970572726305345 1.0101815496579341
1002 9.9840915350049155e-06 1.5969721417834917 1.0101277021144157
1007 9.8847190102713984e-06 1.5968880192384347 1.0100744923489406
1012 9.7868198833886088e-06 1.5968042694699358 1.0100215183746346
1017 9.6903464537842035e-06 1.59671780079727 1.009966824620536
1022 9.5952942255013867e-06 1.5966324712823434 1.0099128514142539
1027 9.5016305929309212e-06 1.5965474544906113 1.0098590760137778
1032 9.4093105855271141e-06 1.5964596801088731 1.0098035563636787
1037 9.3183313372774438e-06 1.5963730609651392 1.0097487674325949
1042 9.228662632404295e-06 1.5962868243615389 1.0096942204684032
1047 9.1402611085828623e-06 1.5961977647705468 1.0096378878889887
1052 9.053125137676935e-06 1.5961098073222579 1.0095822524443874
1057 8.967227511511313e-06 1.5960223738792791 1.0095269484471958
1062 8.8825259686160973e-06 1.5959320584844747 1.0094698215381959
1067 8.7990193705746345e-06 1.5958426860969799 1.0094132911066054
1072 8.7166845987098502e-06 1.5957541071272789 1.0093572625330451
1077 8.6354796041360257e-06 1.5956625729028482 1.009299364681624
1082 8.5554031104918914e-06 1.5955717056184093 1.0092418886876311
1087 8.4764369026551691e-06 1.5954819842877546 1.0091851375401355
1092 8.3985391172846298e-06 1.5953893231854133 1.0091265269082186
1097 8.3217069314045727e-06 1.5952968819278377 1.0090680553340112
1102 8.2459279151164736e-06 1.5952059928804974 1.0090105655743999
1107 8.1711606493169696e-06 1.5951122927938124 1.0089512977570256
1112 8.097399542167743e-06 1.5950182332374616 1.0088918025654485
1117 8.0246381621139305e-06 1.5949261074993188 1.0088335305657432
1122 7.9528365845968661e-06 1.5948314944907527 1.0087736853007991
1127 7.881984768357098e-06 1.5947357811066034 1.0087131440187926
1132 7.8120823033776302e-06 1.5946422938126508 1.0086540107985276
1137 7.7430923551257835e-06 1.5945469005033472 1.0085936719724438
1142 7.6749989928489946e-06 1.5944495897506414 1.0085321203119921
1147 7.6078065910299504e-06 1.5943545329041031 1.0084719943076295
1152 7.5414839398638855e-06 1.5942584536829956 1.0084112216239369
1157 7.4760083230979508e-06 1.594159700477267 1.0083487575732692
1162 7.4113865936193715e-06 1.5940628552673861 1.008287500381138
1167 7.3475955992874436e-06 1.5939660820982517 1.0082262887567104
1172 7.2846063866192943e-06 1.5938661440081825 1.0081630752349249
1177 7.2224247822873212e-06 1.593767302031897 1.0081005550344997
1182 7.1610377513249294e-06 1.5936697016499366 1.0080388201757784
1187 7.1004121900650481e-06 1.5935689244836058 1.0079750759157577
1192 7.0405487697399281e-06 1.5934679834861536 1.0079112280281599
1197 6.9814450314710013e-06 1.5933692186922888 1.0078487566476855
1202 6.9230679989109018e-06 1.5932679644819887 1.0077847106445625
1207 6.865409315086424e-06 1.593165051630641 1.0077196155065011
1212 6.8084749203150215e-06 1.5930646265538446 1.0076560939525523
1217 6.7522375639212799e-06 1.5929630856166348 1.0075918665869705
1222 6.6966782918027423e-06 1.5928586215232079 1.0075257902466976
1227 6.6418061934692253e-06 1.5927560375167651 1.0074609031118562
1232 6.5876048907117372e-06 1.5926540831814098 1.0073964142608622
1237 6.5340468947917646e-06 1.5925487041630995 1.007329759206067
1242 6.4811373341498348e-06 1.5924436753204516 1.0072633256467682
1247 6.428873004929032e-06 1.5923407790832602 1.0071982410176061
1252 6.3772240336753715e-06 1.5922351446074416 1.007131424379087
1257 6.3261849960535561e-06 1.5921278463550401 1.0070635553572653
1262 6.2757631441467106e-06 1.5920231603871748 1.0069973386754607
1267 6.2259349619598654e-06 1.5919175831591477 1.0069305582477048
1272 6.1766820500217742e-06 1.5918087690588292 1.0068617304114285
1277 6.1280139780213242e-06 1.5917015162336388 1.006793890123536
1282 6.0799207381167979e-06 1.5915956032924796 1.006726897348222
1287 6.0323755790149684e-06 1.5914863375717128 1.006657783849902
1292 5.9853800493826144e-06 1.5913763584771246 1.0065882191235112
1297 5.9389383087342552e-06 1.5912690438971007 1.0065203397740305
1302 5.8930257370034269e-06 1.5911600616898669 1.0064514056056229
1307 5.8476295737462328e-06 1.5910481284313305 1.0063806048181343
1312 5.8027601495826476e-06 1.5909382104037528 1.006311078718265
1317 5.7584057071585352e-06 1.5908292829591595 1.0062421791886957
1322 5.7145421249920924e-06 1.5907168060829324 1.0061710345484407
1327 5.6711730666586642e-06 1.5906038538029035 1.0060995892025333
1332 5.6283025173678822e-06 1.5904936454935621 1.0060298794916649
1337 5.5859072527740134e-06 1.5903817110904985 1.0059590779802321
1342 5.5439754530858836e-06 1.5902666775611327 1.0058863161883109
1347 5.5025178310840327e-06 1.5901536049686731 1.005814794741565
1352 5.4615251046719476e-06 1.5900418463634911 1.0057441044270063
1357 5.4209739850031139e-06 1.5899265893037777 1.0056712012461464
1362 5.380866388323432e-06 1.589810288909953 1.0055976381284841
1367 5.3412090349346748e-06 1.5896968678642076 1.0055258962756912
1372 5.3019824234161487e-06 1.5895824671273289 1.0054535347419864
1377 5.2631717754093597e-06 1.5894645048043092 1.0053789204095442
1382 5.2247866478877971e-06 1.5893476923905103 1.0053050334255187
1387 5.1868243714514106e-06 1.5892330993701356 1.0052325502673465
1392 5.1492624068804384e-06 1.5891156598909733 1.0051582666476642
1397 5.1120966225292401e-06 1.5889958497596768 1.0050824835269381
1402 5.0753371849473197e-06 1.5888786032471456 1.0050083219638242
1407 5.038972330617325e-06 1.5887620500380248 1.0049345989337082
1412 5.0029824206039849e-06 1.5886417328734159 1.0048584951008164
1417 4.9673718755701978e-06 1.5885207304660474 1.0047819578335042
1422 4.9321467786615639e-06 1.5884027147979023 1.0047073097588399
1427 4.8972893882302462e-06 1.5882837043178233 1.0046320324389517
1432 4.8627861704124761e-06 1.5881609486050978 1.004554386158987
1437 4.8286463184050049e-06 1.588039065603962 1.004477291892504
1442 4.7948700372599765e-06 1.587919797837281 1.0044018518319411
1447 4.7614374126310061e-06 1.587798197840808 1.0043249365734963
1452 4.7283413459951168e-06 1.5876734549532441 1.0042460333521606
1457 4.6955923693850207e-06 1.5875506699509339 1.0041683685457481
1462 4.6631855021784036e-06 1.5874297767925629 1.0040919003813564
1467 4.6311012363036251e-06 1.5873057002875424 1.0040134186648484
1472 4.5993375740272002e-06 1.5871792416363451 1.0039334301770069
1477 4.5679045946438402e-06 1.5870553946802539 1.0038550936563519
1482 4.5367935725521167e-06 1.5869326857387061 1.0037774769604111
1487 4.5059865068896562e-06 1.5868063080991461 1.0036975397146024
1492 4.4754850255610678e-06 1.5866782585907526 1.0036165449669259
1497 4.4452980164843767e-06 1.5865531551908105 1.0035374137118438
1502 4.4154144467726086e-06 1.586428557929995 1.0034586026033316
1507 4.3858181676236974e-06 1.5863000857786671 1.0033773405226658
1512 4.3565128984536273e-06 1.586170450812072 1.003295342930163
1517 4.3275063508334212e-06 1.586043877832183 1.003215282126358
1522 4.2987866381901498e-06 1.5859174499689457 1.0031353131127267
1527 4.2703389825154405e-06 1.5857870754826777 1.0030528477542007
1532 4.2421679074390413e-06 1.5856557470363086 1.0029697789903305
1537 4.2142806554109493e-06 1.5855275373824236 1.0028886829463362
1542 4.1866654393432014e-06 1.5853993974106422 1.0028076309781409
1547 4.1593080920755395e-06 1.585267268492764 1.0027240558945769
1552 4.1322131319296207e-06 1.5851341330219169 1.0026398441392694
1557 4.1053879111520665e-06 1.5850041245513602 1.0025576102954954
1562 4.0788215430120166e-06 1.5848743752090289 1.0024755403572723
1567 4.0524999639034315e-06 1.5847406792110568 1.002390974053528
1572 4.0264267087150669e-06 1.5846056284793353 1.0023055508443601
1577 4.0006097133778125e-06 1.5844736051351376 1.0022220425389798
1582 3.9750400145892187e-06 1.5843423474079215 1.0021390185068704
1587 3.9497031434314173e-06 1.5842073070427503 1.0020536018548236
1592 3.9246006529142381e-06 1.5840702679983194 1.001966920984551
1597 3.8997413797311042e-06 1.5839359994921767 1.001881992554037
1602 3.8751191498182629e-06 1.5838032368832329 1.0017980166438816
1607 3.8507191071062893e-06 1.5836670934506063 1.0017119022720906
1612 3.8265399415715648e-06 1.5835281472516618 1.0016240150754483
1617 3.8025908874556536e-06 1.5833913640948096 1.0015374960609309
1622 3.7788694937331914e-06 1.5832569197191206 1.0014524563882128
1627 3.7553613860014471e-06 1.583119949044556 1.001365818763714
1632 3.7320614095395916e-06 1.5829793592903918 1.0012768919743236
1637 3.7089780093304269e-06 1.5828398180016316 1.0011886283674156
1642 3.6861131934327043e-06 1.582703327014525 1.0011022941580965
1647 3.6634545131074425e-06 1.5825656743828307 1.0010152251774267
1652 3.6409927073805531e-06 1.5824239132776399 1.0009255574771023
1657 3.6187336049756254e-06 1.5822816070681598 1.0008355449836983
1662 3.5966832537123657e-06 1.5821424864990057 1.0007475474932226
1667 3.5748332913280743e-06 1.5820039790715532 1.0006599378313146
1672 3.5531714360595098e-06 1.5818616884001444 1.0005699351661572
1677 3.5316985774876786e-06 1.5817169956591473 1.0004784131275744
1682 3.5104229886248069e-06 1.5815746270258786 1.0003883611494502
1687 3.4893424193464348e-06 1.581434637166016 1.0002998138092916
1692 3.4684441411897151e-06 1.5812922887944785 1.0002097746472556
1697 3.447722795018361e-06 1.5811460962054076 1.0001173039145481
1702 3.4271854646608913e-06 1.5810002644807331 1.0000250614382478
1707 3.4068362020870906e-06 1.5808576771820377 0.99993487114837765
1712 3.3866658727372071e-06 1.5807151159984294 0.99984469737700044
1717 3.3666639916844401e-06 1.5805686379020023 0.9997520460532342
1722 3.346832259741439e-06 1.5804199478725618 0.99965799562252455
1727 3.3271784092917457e-06 1.5802736423599726 0.99956545346266368
1732 3.3077004347626729e-06 1.5801297591557315 0.99947444347778647
1737 3.2883868538036164e-06 1.5799837690486751 0.99938210082038259
1742 3.2692318983314519e-06 1.5798337854133675 0.99928723214927428
1747 3.2502415401125425e-06 1.5796835712017663 0.99919221763247734
1752 3.2314208474708661e-06 1.5795365218624959 0.99909920498229499
1757 3.2127633646007387e-06 1.5793904320822083 0.99900679927889968
1762 3.1942583795023379e-06 1.5792409280525346 0.99891223397121531
1767 3.1759046508004708e-06 1.5790882322735118 0.99881564979648163
1772 3.1577093261084927e-06 1.5789367552507485 0.99871983651776264
1777 3.1396744127935438e-06 1.5787884107019143 0.99862600461280049
1782 3.1217911289091407e-06 1.5786396866722692 0.99853193267604967
1787 3.1040507716649546e-06 1.5784870193239449 0.99843536648449505
1792 3.0864550098041745e-06 1.5783320566161865 0.99833734841654898
1797 3.0690107969260297e-06 1.5781791900363196 0.99824065620570146
1802 3.0517176633645e-06 1.5780290591219146 0.99814569437661482
1807 3.034566295580688e-06 1.5778777067176661 0.99804995992244805
1812 3.0175496915811784e-06 1.577722284152381 0.99795165098228533
1817 3.0006709892928481e-06 1.5775651995542348 0.99785229076177095
1822 2.9839364980571789e-06 1.5774105803613261 0.99775448997617844
1827 2.9673446163392765e-06 1.5772584289632097 0.99765825013696552
1832 2.9508860813505643e-06 1.57710464141059 0.99756097538615618
1837 2.9345550161475647e-06 1.5769468318129831 0.99746115658404211
1842 2.9183548020273939e-06 1.5767875540342136 0.99736040911797386
1847 2.9022913808765116e-06 1.5766307987455792 0.99726125719455594
1852 2.8863630711043464e-06 1.5764764690486397 0.99716363952292686
1857 2.870561146777176e-06 1.576320586434852 0.99706503958975012
1862 2.8548797803644477e-06 1.576160675711527 0.99696389176927824
1867 2.8393219770057451e-06 1.5759991012079857 0.99686169156320559
1872 2.8238934857327243e-06 1.5758397999812932 0.99676092926569726
1877 2.8085935724833793e-06 1.5756831464532159 0.99666184170856054
1882 2.7934143003528265e-06 1.5755254499281643 0.9965620944278698
1887 2.7783493188702981e-06 1.5753638301354442 0.99645986557517718
1892 2.7634002811318247e-06 1.5751998983668505 0.99635617433574941
1897 2.748573001578111e-06 1.5750376759240061 0.99625356429069334
1902 2.7338683099697163e-06 1.5748783884884427 0.99615281071644401
1907 2.7192797166294133e-06 1.5747190389744548 0.99605201787592634
1912 2.7048000342029134e-06 1.5745561510970925 0.99594898692569422
1917 2.6904288350213442e-06 1.574390122136939 0.99584396915636919
1922 2.6761713109229896e-06 1.5742246549527916 0.99573930672543198
1927 2.6620304602702205e-06 1.5740622242034756 0.99563656492094688
1932 2.648002026468387e-06 1.5739010346646491 0.9955346082153792
1937 2.6340785380031914e-06 1.5737373234850522 0.99543105650440689
1942 2.62025679421973e-06 1.5735698057277561 0.99532509703096739
1947 2.6065402730220553e-06 1.5734011932529934 0.99521844511937585
1952 2.5929335771408306e-06 1.5732349284305553 0.99511327816083117
1957 2.5794358799848872e-06 1.5730712048628217 0.99500971861403031
1962 2.5660406850651336e-06 1.572906735602903 0.99490568739692664
1967 2.552742290890105e-06 1.572738647436082 0.99479936712416739
1972 2.5395409050275502e-06 1.5725676596217824 0.99469121274662431
1977 2.5264411768240728e-06 1.572397263109276 0.99458343238332125
1982 2.5134457477216454e-06 1.5722297560851675 0.99447747969891076
1987 2.5005513340468999e-06 1.5720637499273813 0.99437247635269455
1992 2.4877512903471614e-06 1.5718956952399492 0.99426617725654642
1997 2.4750419615500442e-06 1.5717238620277709 0.99415748814217597
2002 2.4624253636759883e-06 1.5715500976248171 0.99404757749785577
2007 2.4499059458104448e-06 1.5713778400053258 0.99393861993447952
2012 2.4374847866817824e-06 1.5712084159617756 0.99383145468386769
2017 2.4251576243971861e-06 1.5710397110602798 0.99372474430988889
2022 2.412918389750884e-06 1.5708683841471531 0.99361637544324488
2027 2.4007646836271583e-06 1.5706934214611676 0.99350570685277551
2032 2.3886990691800978e-06 1.5705170450177868 0.99339414402284376
2037 2.3767255302170345e-06 1.570342452771808 0.99328370974561175
2042 2.3648445254660192e-06 1.5701705580978356 0.99317498175500851
2047 2.3530518206739813e-06 1.5699991534961539 0.9930665637482704
2052 2.3413418685419954e-06 1.569825100253021 0.99295647040479162
2057 2.3297125328217736e-06 1.5696474894987087 0.99284412684009804
2062 2.318166116039232e-06 1.5694683934831353 0.99273084380782983
2067 2.3067063362961036e-06 1.5692908816147231 0.99261856279111971
2072 2.2953339470373112e-06 1.5691160495855645 0.99250797684459668
2077 2.284045395824579e-06 1.568942049407154 0.99239791706597769
2082 2.2728354478351559e-06 1.568765829000953 0.9922864529337464
2087 2.2617014409388463e-06 1.5685860550784663 0.99217274110717768
2092 2.2506448034986408e-06 1.5684042132208487 0.99205772125618741
2097 2.2396690409898307e-06 1.5682232660860427 0.99194326734136729
2102 2.2287758025365118e-06 1.568044920863555 0.99183045920585822
2107 2.2179628485235571e-06 1.567868161771427 0.99171865434033335
2112 2.2072254394022656e-06 1.5676901712966811 0.99160607059228345
2117 2.1965599921450921e-06 1.5675088972604472 0.99149140990354434
2122 2.185966371232112e-06 1.5673247145752887 0.99137490941636575
2127 2.1754473850464612e-06 1.5671401204735182 0.99125814869714801
2132 2.1650056780434986e-06 1.5669575350532277 0.99114265852282868
2137 2.1546409830451598e-06 1.5667773006841157 0.99102865545142282
2142 2.1443498186350016e-06 1.5665974115599677 0.99091487075671403
2147 2.1341279677045776e-06 1.5664152780251728 0.99079966641208794
2152 2.1239732494443037e-06 1.5662297577921878 0.99068231989004307
2157 2.1138867717743793e-06 1.5660421183714694 0.99056363292493133
2162 2.103871359025842e-06 1.5658549231922876 0.99044522695450365
2167 2.0939287962370831e-06 1.5656700007707145 0.99032825856420703
2172 2.0840579422054455e-06 1.5654870095638047 0.99021251171896985
2177 2.0742553049759216e-06 1.5653038217473754 0.99009664051293966
2182 2.0645171849902467e-06 1.5651181070738518 0.98997917100204025
2187 2.0548420924358908e-06 1.5649291699922672 0.9898596632316341
2192 2.0452312484326566e-06 1.5647383713053185 0.98973897794591659
2197 2.0356871811264491e-06 1.5645480964169403 0.98961862397684053
2202 2.0262113795170264e-06 1.5643599669221782 0.98949962702675498
2207 2.0168029030208509e-06 1.5641737441919872 0.98938183615639008
2212 2.0074586095261916e-06 1.5639874644386202 0.98926400921733715
2217 1.9981751430759961e-06 1.5637989554232985 0.98914477221032082
2222 1.9889508063438983e-06 1.5636073044693541 0.98902354784287527
2227 1.9797863069000756e-06 1.5634134768800516 0.98890094669519968
2232 1.9706837745322969e-06 1.5632195789828245 0.9887783010758765
2237 1.9616449644149852e-06 1.5630274517759453 0.98865677546567909
2242 1.9526696517738524e-06 1.5628373795752506 0.98853654970199789
2247 1.9437556104230566e-06 1.5626480375270742 0.98841678577936332
2252 1.9348997050626588e-06 1.5624573378000006 0.98829616308842061
2257 1.9260996204790873e-06 1.5622638156523709 0.98817375514079342
2262 1.9173549412191744e-06 1.5620675235412016 0.98804959511695145
2267 1.9086670677539793e-06 1.5618699965763063 0.98792465401501561
2272 1.9000378728328042e-06 1.5616731809249489 0.98780016283796623
2277 1.891468330668083e-06 1.5614783108138737 0.98767690226731442
2282 1.8829575879568321e-06 1.5612851220978077 0.98755470522409228
2287 1.8745032921746767e-06 1.5610920925107175 0.98743260883421424
2292 1.8661027292908653e-06 1.5608973659163585 0.98730943904173385
2297 1.8577541647834762e-06 1.5606998721061733 0.9871845189110412
2302 1.849457435852536e-06 1.5604998441973519 0.98705799589500975
2307 1.8412138122634327e-06 1.5602987293988981 0.98693078539214119
2312 1.8330248909624291e-06 1.5600982745334153 0.98680399231457283
2317 1.8248914856676096e-06 1.5598995829986231 0.98667831459094935
2322 1.8168129473802894e-06 1.5597025171052883 0.98655366512913911
2327 1.8087873634655885e-06 1.5595058427230428 0.98642926330859104
2332 1.8008123231168735e-06 1.5593078686080226 0.98630403937221089
2337 1.7928860601818411e-06 1.5591074308042732 0.98617725708664639
2342 1.7850080181508709e-06 1.5589043978784287 0.98604883331676907
2347 1.7771788975923955e-06 1.5586997349560674 0.98591937853038691
2352 1.7694000238722423e-06 1.5584949702702149 0.98578985937586783
2357 1.7616724807587163e-06 1.5582914405544894 0.98566112137306938
2362 1.7539963242484664e-06 1.5580895882462509 0.98553344437548596
2367 1.74637048844155e-06 1.5578888582638561 0.98540647727909347
2372 1.7387930662219671e-06 1.5576879282983649 0.98527938368802992
2377 1.7312620989129639e-06 1.5574854032231105 0.98515128114726891
2382 1.7237762798358671e-06 1.557280449569008 0.98502164246526447
2387 1.7163353433516474e-06 1.5570731606847266 0.98489052668755328
2392 1.7089399044203083e-06 1.5568644302689671 0.98475849910252788
2397 1.7015910618053949e-06 1.5566556061346204 0.98462641223798308
2402 1.6942896506672279e-06 1.5564478128974635 0.98449497744355396
2407 1.6870357792008988e-06 1.5562415195806614 0.98436449138896942
2412 1.6798286417815311e-06 1.5560363526545893 0.98423471780672533
2417 1.6726667573267886e-06 1.5558313001966169 0.98410501662862393
2422 1.6655484213441664e-06 1.5556251210321657 0.98397460277846227
2427 1.6584723251749383e-06 1.5554169210704829 0.98384291071986429
2432 1.6514378228589687e-06 1.5552064121376239 0.98370975817508288
2437 1.6444450593867332e-06 1.5549940459891385 0.98357543089161714
2442 1.6374947277813106e-06 1.5547807989688649 0.98344054643312473
2447 1.630587651828889e-06 1.5545677848674555 0.9833058093020598
2452 1.6237243092517831e-06 1.5543558010708973 0.98317172386644058
2457 1.6169046133071594e-06 1.55414511194115 0.98303845734229545
2462 1.6101277793550615e-06 1.5539353090288808 0.98290575137446878
2467 1.6033925780736272e-06 1.5537255427482848 0.98277306857715785
2472 1.5966976513472123e-06 1.5535148209190426 0.98263978136970531
2477 1.5900418627708295e-06 1.5533023485375259 0.98250538689099864
2482 1.5834245373451722e-06 1.5530877671469476 0.98236965840750778
2487 1.5768456135188238e-06 1.55287131360179 0.98223274573604413
2492 1.5703054479642324e-06 1.552653639139923 0.98209506080202325
2497 1.5638046254136717e-06 1.5524356288998327 0.98195716347927231
2500 1.559923494603465e-06 1.5523052676583093 0.98187470649840236
