# ell Cl ell_ellplus1_Cl_over_2pi quadrupole_normalized
2 1931.2962895063447 1844.2521062998255 1
4 548.42807503205643 1745.7007814344929 0.94656298641129988
6 248.37783762376822 1660.283545716552 0.90024760717103103
8 140.82147170676555 1613.6951987237201 0.87498623057631841
10 90.753158581968052 1588.8195168475168 0.86149800855329361
12 63.480071047731386 1576.0940668311014 0.85459794864665373
14 46.9878616708042 1570.4535945476055 0.85153954233429097
16 36.246356404233723 1569.1100070987898 0.85081101533723547
18 28.852296996386446 1570.4591047933789 0.85154253012850545
20 23.540582543473842 1573.5720315237907 0.85323043750287053
22 19.593409726061257 1577.9043330232989 0.85557952062697784
24 16.578517499292424 1583.1318054887261 0.8584139880230407
26 14.222951183880417 1589.0843963610439 0.86164163290520412
28 12.34766978112831 1595.7364572423894 0.86524854806535101
30 10.830222267211017 1603.0255700078089 0.86920088882208402
32 9.585309424646951 1610.9801410537755 0.87351405783991753
34 8.5517146148962535 1619.6467069176119 0.87821328840293666
36 7.6843208814276593 1629.0328732411981 0.88330270448196602
38 6.949872387569803 1639.2498987112972 0.88884263334266711
40 6.3232849405091223 1650.4665699713319 0.89492459535952973
42 5.785553451094656 1662.9637710569441 0.90170089293995426
44 5.3219621574426279 1677.0928369239039 0.90936202875685035
46 4.921594842413433 1693.4862699559906 0.91825096155301644
48 4.5751018316813621 1712.6089685463742 0.92861977096093939
50 4.2748057790716203 1734.9089997674753 0.94071141024654792
52 4.0135949172960572 1760.4872451284164 0.95458057990809686
54 3.7851582526098984 1789.2071394752008 0.97015323087521754
56 3.5834445899051013 1820.4707599355468 0.98710515428826484
58 3.4037733530483441 1853.7910064218511 1.0051722321961523
60 3.2426699047532823 1888.8782156139259 1.0241974018420046
62 3.0988777680537511 1926.4458980999441 1.0445675466598905
64 2.9721002629388873 1967.7817045596144 1.0669808633200533
66 2.8628015256303359 2014.791499444076 1.0924707595895924
68 2.7701534278962003 2068.6259036220199 1.1216611311196287
70 2.691560370968427 2129.0244342193073 1.1544107375270014
72 2.6228690509684891 2194.078171805279 1.189684514557676
74 2.5599530517783307 2261.2319616190575 1.2260969928649452
76 2.500878731399006 2329.2552456512612 1.2629809328641686
78 2.4469504754087779 2399.7555526875258 1.3012079772012419
80 2.4016812989455376 2476.9116389713799 1.3430439528904088
82 2.3672197110395325 2564.1926134066453 1.3903698982625843
84 2.3422780980016764 2661.6858809849464 1.4432332065083884
86 2.3216112955225094 2764.568425707731 1.4990187167275963
88 2.3003321401221446 2867.3674960453777 1.5547589650301428
90 2.277581647397704 2968.779811550773 1.6097472798917489
92 2.2580772765795345 3074.8908768197639 1.6672833753672665
94 2.2469299499476567 3193.4573742564735 1.7315731202626066
96 2.2443981618670432 3326.3121588065155 1.8036103347498342
98 2.2442566278868972 3465.404367252786 1.8790296377676496
100 2.2399212525325005 3600.5948487190844 1.9523333260239883
102 2.231973723028601 3732.0427120530662 2.0236076723484229
104 2.2277610358788498 3871.7862552930305 2.0993801455166037
106 2.232655096103406 4030.2446708151901 2.185300294383929
108 2.2424681554296431 4201.4255246543917 2.2781188701385457
110 2.2481381447359454 4368.7660645405385 2.3688551308235812
112 2.2470664949593386 4526.1873030720963 2.4542128961712897
114 2.2476116499961671 4689.6895906889331 2.5428679596836616
116 2.2572807933118164 4875.8413812531444 2.6438041548645326
118 2.2713971925392067 5076.2404446658984 2.7524655806686327
120 2.2791329712215731 5266.9162414043349 2.8558548060826108
122 2.2796462280844625 5444.4313873007504 2.952107994727502
124 2.2843668337017871 5635.3082379917269 3.0556062366646839
126 2.298419578885305 5853.6090061351779 3.173974418215217
128 2.3116594506370078 6074.9634115203562 3.2939983588842008
130 2.3148554159667758 6274.2042143605095 3.4020317465970638
132 2.3161484195260531 6471.6063056004305 3.5090681385120357
134 2.3270547375963448 6699.8533617997391 3.6328294482698693
136 2.3413536705329365 6942.9914058911918 3.7646650271806434
138 2.345605283128319 7160.9221026085215 3.8828325466715499
140 2.3446864185448089 7366.3448775237002 3.9942179555391717
142 2.3529721555381675 7604.3360579803439 4.1232627751946209
144 2.3658030685021076 7861.9307970876807 4.2629371387089217
146 2.368114578954394 8088.9664411845015 4.3860415902756484
148 2.3652438262826148 8301.2603173719235 4.501152683527077
150 2.3723798773229574 8552.0960459282451 4.6371621410733015
152 2.3820809379217716 8816.8136994157485 4.7806987283886953
154 2.379627326131831 9040.2720113731793 4.9018634602570303
156 2.3757420887375487 9260.6969861086327 5.0213834401895454
158 2.382908184915344 9527.5591113060655 5.166082814144902
160 2.3866211945760702 9784.74435602419 5.305535139474828
162 2.3785025287781147 9996.002776354173 5.4200847824484439
164 2.3764399644237697 10234.691847115564 5.5495080158263788
166 2.3819400407377334 10509.341771900108 5.69843013110897
168 2.3759834998131377 10736.421134931599 5.82155828818457
170 2.3659638252330746 10946.449139568509 5.9354407687410351
172 2.3674861283463162 11211.975103547502 6.0794156423887182
174 2.3646014386253551 11459.492325312713 6.213625721867392
176 2.3506114456653995 11654.319294338708 6.3192658175790806
178 2.3458170632053652 11895.626121744916 6.4501084646238755
180 2.3438798701264099 12153.645394074289 6.5900130207569543
182 2.3285303493506113 12343.107520138401 6.6927441633252203
184 2.3178708719619907 12557.376652798923 6.8089262904479684
186 2.3147226707428996 12813.673319770256 6.9478968065156153
188 2.2987054873320094 12999.394317170734 7.0485994147794582
190 2.283603623561457 13189.484544463496 7.1516711296732245
192 2.2782218392563709 13436.144940531694 7.2854166166517258
194 2.2610642215358498 13613.486682139073 7.3815757811182285
196 2.2428628500370427 13783.044129969194 7.4735141051960081
198 2.2350864677883426 14016.278797820143 7.5999798237679093
200 2.2158911117419033 14177.334956242199 7.6873085343448953
202 2.1957841461558938 14330.362753169558 7.770284064861916
204 2.1857235629091294 14547.869421647029 7.888221665548115
206 2.1636991205378453 14684.344546156753 7.9622219196584592
208 2.1428476744569105 14825.899531810242 8.0389766025838298
210 2.1303631110775374 15023.651991288889 8.1462029729933505
212 2.1051031593143885 15128.956670015903 8.2033018253505219
214 2.0847446233203675 15265.998920860498 8.2776095896613064
216 2.0690558127526213 15434.971167335167 8.3692306028066739
218 2.0410044868208832 15508.318065752301 8.4090011407752012
220 2.0220847372271149 15647.12086585167 8.4842635192890867
222 2.0018028254336961 15772.453911661791 8.5522222573498947
224 1.9727444616527821 15824.190439471693 8.5802751074093706
226 1.9550292963979428 15962.749475047525 8.6554053106513926
228 1.9289895567507911 16029.513346039155 8.6916063651404016
230 1.9018841800373805 16082.146482282302 8.7201453789028669
232 1.8829144112705767 16199.239150139096 8.7836359762332492
234 1.8521566724225607 16209.94613991981 8.7894415760989855
236 1.8291799533936424 16283.093391548922 8.8291038605443948
238 1.8050624209795194 16341.323009021091 8.8606774275601303
240 1.7740253497153127 16330.829222923776 8.8549874321080626
242 1.753395539999135 16410.494531709668 8.8981839715148823
244 1.7227318858540428 16390.557830385369 8.8873737892972802
246 1.6965654819420308 16406.759752249855 8.8961588799088833
248 1.6722611687562323 16435.21027066269 8.9115854684515519
250 1.6400397546252015 16379.0322219427 8.8811243137492788
252 1.6179478422307996 16417.450319569016 8.9019555751018267
254 1.5866776406999687 16356.211979090629 8.8687506025987712
256 1.5601071344638446 16336.072162850112 8.8578302863514846
258 1.534232317053456 16316.639869430448 8.8472936068198269
260 1.5024568400102383 16226.916154548589 8.7986431459769907
262 1.4796060367278481 16226.440663825395 8.7983853229160491
264 1.447294194632156 16114.868001866433 8.7378878119858268
266 1.422433889358327 16078.484837073043 8.7181599425318019
268 1.3939005719251172 15993.333813726618 8.671988910352658
270 1.364729711356818 15892.778598440316 8.6174653368440186
272 1.3403160980121291 15840.136381185996 8.5889213991282904
274 1.3085163655435803 15692.153473660184 8.5086813348657575
276 1.2854854563815732 15641.41901067045 8.481171829621637
278 1.2544196747932845 15485.027746219841 8.3963725421942907
280 1.2298121894478267 15400.090612509666 8.3503174863697449
282 1.2018263106204492 15265.020185825022 8.2770788948435357
284 1.1744671442281056 15129.487036646749 8.2035894035124421
286 1.1498421972487631 15021.257948054877 8.1449048623793878
288 1.1204909691419394 14842.90209251922 8.0481958197672601
290 1.0979771869455568 14747.025636894396 7.9962091877350563
292 1.068338103284511 14547.197049905048 7.8878570886338828
294 1.0463276800906276 14442.992727043307 7.831354876975408
296 1.0179609080212517 14242.931725044928 7.7228767565953431
298 0.9953125555593404 14114.550978484069 7.653265478331206
300 0.96911967088133233 13927.888801972436 7.5520525390188373
302 0.94540622880665071 13768.548617264065 7.4656542726624773
304 0.9215895767214437 13599.755756999821 7.3741305272441249
306 0.89697619175698839 13410.990331567913 7.271777153327891
308 0.87526903196084016 13257.782515914609 7.1887040121179888
310 0.8502619544297596 13046.528316283215 7.0741566577135861
312 0.83016069468380937 12902.718738440819 6.9961794780475559
314 0.80534404861052389 12677.738432614107 6.8741894827219738
316 0.78640099621977511 12537.488032274543 6.7981421788525731
318 0.7622246313676786 12306.113424165169 6.6726850315791522
320 0.74412603634653574 12165.266933345825 6.5963145124195295
322 0.72089984568480214 11933.104895795253 6.4704304010458609
324 0.70345433492750775 11789.202107922072 6.3924026805505871
326 0.68136556355966671 11560.208438161146 6.2682365380917009
328 0.6644923336080254 11412.475233282135 6.1881318689012117
330 0.64360416215257588 11188.732974594175 6.0668131739550741
332 0.62733223552553552 11038.245609517688 5.9852151296516762
334 0.60760537217490762 10820.143250425268 5.8669545304920501
336 0.59201974228099363 10669.043833764086 5.7850246163848427
338 0.5734060501791679 10456.799987508553 5.6699406506241292
340 0.55856080604741687 10306.80087998343 5.5886073518778572
342 0.54100667628820365 10100.502542260943 5.4767471907763543
344 0.52699158692924064 9954.0851461592356 5.3973559862867093
346 0.51039959202172125 9752.9505849986235 5.2882957550560921
348 0.49730147910326661 9612.6815121996897 5.2122383265083432
350 0.48161106176124435 9416.5484614566358 5.1058900403531702
352 0.46946390987306919 9284.0979110598728 5.0340720118177433
354 0.4546398454504898 9093.2523209966876 4.9305907201812733
356 0.44345450747136184 8969.8962402318721 4.8637039424227231
358 0.42947042229286908 8784.7795211217217 4.7633289890864594
360 0.41924468263438902 8671.5632742690177 4.7019402849792682
362 0.4060991885311514 8493.1236879401549 4.6051858414195586
364 0.39677153737773729 8389.8634018911434 4.5491955103274693
366 0.38453055342727283 8220.4981187548874 4.4573613827926719
368 0.37596769313629236 8125.4017652521552 4.4057977418035188
370 0.36473518178093678 7968.4421126111101 4.320690259965823
372 0.35679134644900784 7879.2742291570812 4.2723411849399966
374 0.3466737330272352 7738.2710647594868 4.1958857134152856
376 0.33917691179114051 7652.0114002175733 4.1491135480224655
378 0.33031297907777252 7531.4184915996948 4.0837250318830813
380 0.32306385805782017 7444.1836557271436 4.0364241040031219
382 0.31556929042173038 7348.1328891708999 3.9843429561881667
384 0.30845891057336661 7257.8736913994862 3.9354021430189179
386 0.302308425408777 7187.3476583305192 3.8971611493781593
388 0.29535839249121998 7094.9734435726159 3.8470735206627795
390 0.29041744889504101 7048.2971004214933 3.8217644303319727
392 0.28375382264115845 6957.2958242781415 3.7724212435558817
394 0.2797402484113799 6928.9656013353533 3.7570598822506596
396 0.273678333235299 6847.7238886180876 3.7130085768788232
398 0.27013811359166978 6827.5039836188962 3.7020448344869226
400 0.26506087439515646 6766.5940401919634 3.6690179271466143
402 0.26158955647733478 6744.8396975085143 3.6572221739471802
404 0.25774385561304658 6711.8901629748352 3.639356105408543
406 0.25411949848314042 6683.1093013235068 3.6237503964314377
408 0.25152448982666392 6680.1140845543114 3.6221263143664291
410 0.24781312259835928 6646.1495638737442 3.6037098947432407
412 0.24614130288132413 6665.7940973373716 3.6143616561789593
414 0.24276348916761531 6638.2245683934043 3.5994127623429204
416 0.24140573479584662 6664.9531374880034 3.6139056665414819
418 0.23889772921280703 6659.2061262269481 3.6107894921088088
420 0.23732982838967409 6678.8831148924664 3.6214588515734416
422 0.23597675053081368 6704.1259760587636 3.6351461674670058
424 0.2340555333070988 6712.6473341069805 3.6397666626905756
426 0.23366109655384573 6764.6295163012937 3.6679527127521405
428 0.23176797358076276 6772.8992675871577 3.6724367804441953
430 0.23166369568429249 6833.1953654319896 3.7051308452300593
432 0.2304752407873997 6861.4523578455419 3.7204524990956176
434 0.22999249652722795 6910.5527366446531 3.7470759626835877
436 0.22986140183835527 6970.3423461060956 3.7794953966954594
438 0.22891226608390694 7005.3175571394522 3.7984598381153085
440 0.22949549193710686 7087.3773537431371 3.8429547292006299
442 0.22864735593087163 7125.4502273301514 3.8635988013732789
444 0.22913208586294076 7205.2494573204976 3.9068679562343513
446 0.22911741914811695 7269.7691828399456 3.9418521784559521
448 0.22893428364637383 7329.1788754686131 3.9740656119804298
450 0.2298272819437561 7423.5351322819315 4.0252279538809788
452 0.22933793025086183 7473.6483090491947 4.0524005820678086
454 0.23031211328469323 7571.8876517705212 4.1056684310705283
456 0.23042066423058599 7642.273896565157 4.143833627983792
458 0.23068292375199501 7718.1593771520156 4.1849806492221795
460 0.23169527524856631 7819.8075764322894 4.2400968662149925
462 0.23142678694450908 7878.7391852960427 4.2720510706659169
464 0.23260334193687937 7987.4290829771735 4.330985474107754
466 0.23277767932072643 8062.3985530476784 4.3716358113444125
468 0.23315225945889254 8144.7630829342579 4.4162959365004184
470 0.23424270187145321 8252.8692658533255 4.4749138350782678
472 0.23398053157553358 8313.8655003119529 4.5079875315920308
474 0.23511724837044082 8425.129274814768 4.5683175559540716
476 0.23536245699175146 8505.1632209267482 4.6117139798153159
478 0.23554092666793924 8583.2136114338027 4.6540348698066794
480 0.23663602233451148 8695.3546912205438 4.7148405912173672
482 0.23626855876887667 8754.2759609357727 4.7467891895212313
484 0.23713339462888833 8859.311055425831 4.8037418665068046
486 0.23744511421462461 8944.3461835080816 4.8498500573510919
488 0.23720369470167441 9008.8687992967534 4.884835846749553
490 0.23821728450795915 9121.5989466808478 4.9459609754665079
492 0.23772035308329617 9176.9532718675764 4.9759754864965577
494 0.23803112875418128 9263.7331335350209 5.0230297158890638
496 0.23848159031191024 9356.4921161554594 5.0733259754425069
498 0.23770820686454686 9401.4360446691262 5.0976957068692146
500 0.23838011541186466 9503.8131125049986 5.1532071347733277
502 0.23795711197796493 9562.920012632796 5.1852563865680761
504 0.23744802473688534 9618.5721574970412 5.215432382937629
506 0.23793780169326725 9714.9831713931162 5.2677088659448836
508 0.23683944132241619 9746.6563578258374 5.2848828663565008
510 0.23676426350220475 9820.3588935700282 5.3248462398521479
512 0.23660486063065081 9890.7931623140921 5.3630374765618489
514 0.23527762605268723 9912.2240308973815 5.3746578339468751
516 0.23542097573600518 9995.5232049708684 5.4198247467506846
518 0.23446550917568121 10032.200760620801 5.4397122423510123
520 0.2332838101441975 10058.791322300813 5.4541303154491425
522 0.2332671389175896 10135.51652767055 5.4957326566408105
524 0.23166573984747554 10143.142676250047 5.4998677467152346
526 0.23077256095435636 10181.239660172429 5.5205248921197301
528 0.23028413501113112 10237.024562164584 5.5507728727518781
530 0.22831573506315703 10226.484526153057 5.5450577994300021
532 0.22764881963761469 10273.64076424787 5.5706271009011674
534 0.22654228189648085 10300.645508743986 5.5852697543669665
536 0.22446659154133711 10282.788875047179 5.5755874372717003
538 0.22386169298204056 10331.680235523358 5.6020975658539962
540 0.22214345200519123 10328.676442924729 5.6004688337580051
542 0.22014016734364383 10311.421504027057 5.5911127707562445
544 0.21941307526149281 10353.281874274042 5.6138105191302294
546 0.21719492485725131 10324.042261429729 5.5979560636875965
548 0.21534408608975877 10311.123390590838 5.5909511261333638
550 0.21435302306467294 10338.654752951799 5.6058793250856196
552 0.21179172138301547 10289.477477071952 5.5792141659613002
554 0.21008768303063899 10280.718575595609 5.5744648687006793
556 0.20877372780645495 10290.250907920366 5.5796335396715282
558 0.20600153285288897 10226.725297615396 5.5451883517886067
560 0.20440803504307467 10220.425651898873 5.5417725250179588
562 0.20277571412474735 10211.294027894091 5.5368211282031803
564 0.19988784763711931 10137.574878662395 5.4968487464556537
566 0.19836526729094847 10131.76839409843 5.4937003240983575
568 0.19645227834523446 10105.034570666417 5.479204570865547
570 0.1935229190453345 10024.518040191037 5.4355464775927551
572 0.19202519665795259 10016.799963532418 5.4313615417956083
574 0.18990147961949577 9975.3517179885948 5.4088872578285523
576 0.18697118535848276 9889.9275380684485 5.3625681132667307
578 0.18547680306190406 9879.071654209416 5.3566817792769523
580 0.18321260394958269 9826.064370309643 5.3279398932198863
582 0.18030139778427753 9736.6770333331988 5.2794718249600727
584 0.17881131200923048 9722.63169845222 5.2718560901952864
586 0.1764698185850217 9661.0935646208436 5.2384885621761139
588 0.17359062085981491 9568.3930943313608 5.1882240294840685
590 0.17210885291205427 9551.3076549452981 5.1789598733919044
592 0.16976529246668676 9485.176960177434 5.1431021430187274
594 0.16691091694425919 9388.7610330706157 5.0908229959447082
596 0.16545568663965599 9369.6295583323335 5.0804494278880794
598 0.1631750506925263 9302.5474581142571 5.0440758214874526
600 0.16034820912086672 9202.5877611653068 4.989875153038982
602 0.15892233467978401 9181.6106325639485 4.9785008249144802
604 0.15677449172150082 9117.7534903210835 4.9438758720543294
606 0.15398024487063827 9014.5998350524897 4.8879433588603742
608 0.15258386683547764 8991.8617355353399 4.8756141878975336
610 0.15062776923689522 8935.0342426051593 4.8448008881669482
612 0.14788183381836156 8829.7184526083493 4.7876960109990927
614 0.1465064802346657 8804.8194182968236 4.7741951266967391
616 0.14479585173813553 8758.7499447028003 4.7492150963437014
618 0.14212404206407389 8653.0020429526376 4.6918759172862741
620 0.14074599717369518 8624.6101591011466 4.6764811218814026
622 0.13933117575711976 8593.0406240357061 4.659363323854981
624 0.13677578014475092 8489.7311870620942 4.6033463418920961
626 0.13535496643262573 8455.4397868915166 4.5847526799662441
628 0.13426430002628228 8440.9431027570263 4.5768922122541733
630 0.1319028607946684 8345.3442303839747 4.5250560928611181
632 0.13038973175927618 8302.0302567049621 4.5015701640496202
634 0.12961363333209497 8304.8883793929253 4.503119910246574
636 0.12754785766521093 8224.1277545286466 4.4593294628405999
638 0.12591117598529128 8169.6969830541957 4.4298157259233317
640 0.12538964312353534 8186.9059529758797 4.4391468633870765
642 0.12373377355236051 8129.3232059685643 4.4079240458500291
644 0.1219785741514598 8063.9767337654921 4.3724915407278422
646 0.12159982807890145 8088.9079119533208 4.3860098542505241
648 0.12046192154603395 8062.8693175959024 4.3718910717541011
650 0.11864990948280145 7990.645945182916 4.332729737917866
652 0.11825633884399743 8013.1881107077315 4.3449526685290412
654 0.11769417131944802 8024.0594066997392 4.3508473593659778
656 0.11598119586402626 7955.6729785941479 4.3137665134924728
658 0.11539294746591135 7963.6232611010037 4.3180773571562527
660 0.11536536512549428 8010.1559526087076 4.3433085559434215
662 0.11398145163223211 7962.0670988220127 4.3172335667256085
664 0.11309008289563068 7947.5703106089222 4.3093730425794954
666 0.11340268618986236 8017.5843305258086 4.3473364097773546
668 0.11259808519929228 8008.546784921984 4.3424360246440248
670 0.11143766260983817 7973.5082653472691 4.3234372557365495
672 0.11178114993257439 8045.8705692064086 4.362673921706433
674 0.11170830899639909 8088.5240038741995 4.3858016896087113
676 0.11050509850987424 8048.9237338668054 4.3643294245793678
678 0.11054418193331944 8099.4492753597624 4.3917256473193964
680 0.11113817484105462 8191.0469752638437 4.4413922300990452
682 0.11029101804966789 8176.4607348027757 4.43348320268829
684 0.10982567964348715 8189.751125334541 4.4406895875889045
686 0.11073779051610926 8306.0939377959585 4.503773594414219
688 0.11063536973271502 8346.8341328739025 4.5258639555632065
690 0.10980122282467741 8332.0994799814234 4.5178744551895056
692 0.11049976347661387 8433.751669434323 4.5729928357545395
694 0.11124976395221714 8540.110791537285 4.6306634339008825
696 0.11053204033762935 8533.9547587427969 4.6273254776781618
698 0.11059828089461633 8588.1793719159486 4.656727430365609
700 0.11186431058714723 8736.3040434905051 4.737044362670348
702 0.11185124443453401 8785.2351215608414 4.7635760271337864
704 0.11130994936707961 8792.5711830816017 4.7675538246896094
706 0.11239729345732646 8928.9440161458751 4.8414986137986658
708 0.11335507695276235 9056.0873038573391 4.9104389106686828
710 0.11279703871700172 9062.4532511662474 4.9138906878347024
712 0.1130971267541139 9137.7911318134902 4.9547407865765685
714 0.11462037991009441 9312.9276453201728 5.049704220755892
716 0.11483080911837931 9382.3306582028345 5.0873362845315473
718 0.11439034395570483 9398.5927610479612 5.0961540067884865
720 0.11558407720622946 9549.6158756826007 5.1780425480127343
722 0.11683884010657473 9706.9515837740382 5.2633539365989206
724 0.11644910200446423 9728.208011356719 5.2748797076743994
726 0.11665121818509139 9798.970307333615 5.3132488090218652
728 0.11831987845741444 9993.9403767288186 5.4189664973624136
730 0.11889125717221063 10097.416909272353 5.475074082757093
732 0.11838804372362657 10109.810881367755 5.4817944069758173
734 0.11935010080267805 10247.698059845943 5.5565603123567442
736 0.12092332295629904 10439.399239567332 5.6605055262819732
738 0.12083575852904989 10488.572982685497 5.6871687698538205
740 0.12064044831541583 10528.415158102285 5.7087722020964575
742 0.1221487745389689 10717.709092398098 5.8114121468465267
744 0.12324094771350542 10871.872968729132 5.895003688265632
746 0.1227160921375646 10883.813160599011 5.9014779614027439
748 0.12305696703154037 10972.605218976398 5.9496232545945373
750 0.12475135754344463 11183.213402293633 6.0638203226623002
752 0.12519389050247404 11282.779067388519 6.1178073371028834
754 0.12458187145336515 11287.383467939173 6.1203039591942581
756 0.12541728549118517 11423.395242904277 6.1940529734968575
758 0.12692134465909072 11621.59609848195 6.3015224755788308
760 0.12680970230951535 11672.687632485744 6.3292255937313167
762 0.12632042057861259 11688.888176353394 6.3380099371582865
764 0.12747568581609675 11857.74980199011 6.4295709688957032
766 0.12863854906232611 12028.608727461138 6.5222149869707735
768 0.12806600948181029 12037.646030502392 6.527115240580561
770 0.12775039647093839 12070.562010361265 6.5449631149283443
772 0.12909351047636017 12260.871384742195 6.6481536568997193
774 0.12980353111212059 12392.225333324879 6.7193770802776775
776 0.12889713091886476 12369.328466722871 6.7069618217976714
778 0.12885208480030338 12428.783873206468 6.739200042527095
780 0.13016706070564088 12620.218275283774 6.8430006028861587
782 0.13030867985620351 12698.779779240405 6.8855986314790352
784 0.12925068231301529 12660.145457086473 6.8646501277349099
786 0.12944987314585224 12744.389591503554 6.9103294218668276
788 0.13054667322977354 12917.81799714692 7.0043666768879547
790 0.13026367619792487 12955.286950761689 7.0246832884221249
792 0.12920964231663354 12915.56545723507 7.0031452929436693
794 0.12940717457858614 13000.681472166898 7.0492973426775842
796 0.13011661463505278 13137.849305435699 7.1236732009456842
798 0.12958258245990048 13149.717810676049 7.1301086037844872
800 0.12857867050661598 13113.286976669548 7.1103548868810034
802 0.12863523550524028 13184.69206727472 7.1490725276857816
804 0.12903557211878733 13291.73005470528 7.2071112237322303
806 0.12841555473710692 13293.714281969358 7.2081871217926432
808 0.12733859671964309 13247.687458749566 7.1832302175480613
810 0.12701411030817883 13279.385395048792 7.2004176379614355
812 0.12707882574281443 13351.802499158028 7.2396840180088624
814 0.12649329742931209 13355.792379971808 7.241847432002074
816 0.12544456346959437 13310.18805411322 7.2171196164811873
818 0.12483179243854296 13310.137549866797 7.2170922318051716
820 0.12464024747096282 13354.74019945267 7.2412769131909291
822 0.12408715879325372 13360.374291470751 7.2443318599624886
824 0.12298046501750111 13305.690669884891 7.2146810213384915
826 0.12192603356308779 13255.683750699198 7.187566008691971
828 0.12129166667844826 13250.61277644527 7.1848163985727229
830 0.12072757552885401 13252.741499501419 7.1859706458954591
832 0.11982172654015436 13216.730439912788 7.1664445412671283
834 0.11870503561324218 13156.543331015113 7.1338095730368734
836 0.11776679668698356 13115.194308405118 7.1113890902467229
838 0.11705908910437229 13098.792167029735 7.1024954355672154
840 0.11625393149145548 13070.8268732709 7.0873319480682415
842 0.11510169227910037 13002.938445330174 7.0505211304425899
844 0.11372267909883392 12908.220323699619 6.9991625763127052
846 0.11242181509279837 12821.076687723305 6.9519110993163462
848 0.11134114966811037 12757.905340506019 6.9176580018132992
850 0.1103618811090684 12705.381553688261 6.8891782800668304
852 0.10929252357088258 12641.517538806229 6.8545496006884106
854 0.10807952223649016 12559.939090327776 6.8103157086951258
856 0.10683097055619069 12473.027854630653 6.7631902449907662
858 0.10568025298175431 12396.367066258214 6.7216228323194871
860 0.10465144845887413 12332.950205576853 6.6872366112249129
862 0.10363853479333432 12270.420828727369 6.6533316062443628
864 0.10248610670607457 12190.316370317849 6.6098969488372283
866 0.10108828977589521 12079.750667132095 6.549945436347115
868 0.099437606843336329 11937.415128496712 6.472767517911139
870 0.097610880494771832 11772.149522313799 6.3831563386052421
872 0.095720556095423195 11597.278146120219 6.28833666856326
874 0.093867215624380995 11424.930133242942 6.1948852297450259
876 0.092113619177479983 11262.833849492687 6.1069925369854259
878 0.090481778856847397 11113.853117514358 6.026211427141809
880 0.088964012793308497 10977.237892313025 5.9521352069034448
882 0.087537648187209383 10850.363677191992 5.8833408079773752
884 0.086176823366770419 10730.158780407299 5.8181626816387464
886 0.084859279935318013 10613.944579658324 5.7551484113272222
888 0.083568811977030422 10499.753095180433 5.6932309087863153
890 0.082295069397178663 10386.31902304381 5.6317240943171116
892 0.08103224188699143 10272.929304628175 5.5702413295539293
894 0.079777574909848714 10159.246925230434 5.5085998766259863
896 0.078530175822529052 10045.166835769802 5.4467427752725737
898 0.077290189007252638 9930.7152527611506 5.3846842407491788
900 0.07605829159366706 9815.9875346712888 5.3224759788212355
902 0.074835414681223705 9701.113573826131 5.260188420383451
904 0.073622589006425931 9586.2384400969295 5.1979002259783602
906 0.072420879545024366 9471.5141269326978 5.1356938102869574
908 0.071231351114453001 9357.0951448556243 5.0736529528107877
910 0.070055048181326865 9243.1358703426904 5.0118613603687034
912 0.068892991547265831 9129.7900611385849 4.9504024042873063
914 0.067746171301869232 9017.2098627628275 4.8893585817040535
916 0.06661554907575104 8905.5460332068542 4.8288116374036845
918 0.065502054326510684 8794.9473737440221 4.7688422551890532
920 0.064406578890091742 8685.5599122301555 4.7095296150460895
922 0.063329982613706468 8577.5275675184657 4.6509517534063169
924 0.06227308855323694 8470.9914134847168 4.5931851640827484
926 0.061236682565983622 8366.0895259511781 4.5363047152681837
928 0.060221512530911327 8262.9567763542509 4.4803835376566008
930 0.059228285941590963 8161.724397688844 4.4254927890872464
932 0.058257672627286962 8062.5202508682305 4.3717017989716656
934 0.057310301606008758 7965.4682844261524 4.3190777753305616
936 0.056386759335224836 7870.6881773457526 4.2676856111266339
938 0.05548759274841069 7778.2956457269729 4.2175880505473762
940 0.054613304605913876 7688.4016775560503 4.168845274077797
942 0.053764356720939849 7601.112863371759 4.1215150777959986
944 0.052941168312151704 7516.5310457959449 4.0756526833397908
946 0.052144113806223545 7434.752883906287 4.0313105016986208
948 0.051373525886655065 7355.8701600235954 3.9885382995613776
950 0.050629693151044437 7279.9693214592817 3.9473829508403204
952 0.049912861437745669 7207.1315427891586 3.9078884704374977
954 0.049223233743566068 7137.4325878160753 3.8700959393974101
956 0.048560967263512361 7070.9422513582267 3.8340432022305539
958 0.047926178971741867 7007.7250382801958 3.7997652351011761
960 0.047318942752868513 6947.8396214422901 3.767293851913736
962 0.04673928876487643 6891.3386173788567 3.7366575826800283
964 0.046187205980230586 6838.2688293584724 3.7078818053125513
966 0.045662640954388559 6788.670938107698 3.6809885779271241
968 0.045165501087873039 6742.5798580231703 3.6559968319900671
970 0.044695652295917945 6700.024266330779 3.6329221170164336
972 0.044252919194218102 6661.026501577714 3.6117765455298394
974 0.043837089801384725 6625.6031446845782 3.5925691081235693
976 0.043447912623570062 6593.7644606295435 3.5753053707276479
978 0.043085098939784822 6565.5146210547982 3.5599875953116702
980 0.042748323607849879 6540.8517083133147 3.5466147420790577
982 0.042437224860149128 6519.7675666260993 3.5351823887607705
984 0.042151407795299856 6502.2482219063286 3.5256829582545364
986 0.041890442970018343 6488.2735551130845 3.5181055415090126
988 0.041653868686242768 6477.8175443302162 3.5124360287850465
990 0.041441192377808252 6470.8483742292119 3.5086571690092065
992 0.041251889146952381 6467.3281033280336 3.5067483893531315
994 0.041085407502350915 6467.2134586923949 3.5066862261406038
996 0.040941167978019062 6470.4555267108663 3.5084441571780127
998 0.040818563285287573 6476.9996813648177 3.5119925628605095
1000 0.040716961186063924 6486.7859460833579 3.5172989223788811
1002 0.040635705520080209 6499.7490707855168 3.5243278554937616
1004 0.040574119330239883 6515.8189493182326 3.5330413488810386
1006 0.04053150370409668 6534.9203577503094 3.543398614228237
1008 0.040507137769957714 6556.9728747121435 3.5553560450407082
1010 0.040500284874644368 6581.8918059113821 3.5688677179373354
1012 0.040510191340445749 6609.5879213289945 3.5838852501516159
1014 0.040536087991140272 6639.9676408857877 3.6003579002047283
1016 0.040577191297649161 6672.9331631514433 3.6182326376948186
1018 0.040632704662858878 6708.3826211867326 3.6374542277985777
1020 0.040701821716544254 6746.2105762834208 3.6579654989894688
1022 0.040783726621788696 6786.3080270315968 3.6797073479542641
1024 0.040877595184566351 6828.5625535657191 3.702618817806886
1026 0.040982597475896811 6872.8587196374974 3.7266373161024635
1028 0.041097896335626424 6919.0777914675773 3.7516984623916283
1030 0.041222652557390535 6967.0985797997782 3.7777365448035534
1032 0.041356026034543233 7016.7976169512804 3.8046846160470311
1034 0.041497175429186191 7068.0490867928247 3.8324744554439731
1036 0.041645258912865302 7120.7249366420165 3.8610366296007794
1038 0.041799436108268952 7174.6951982152705 3.890300666436576
1040 0.041958872730124074 7229.8287813721399 3.9201954855714098
1042 0.04212274023254408 7285.99342261319 3.9506493704004937
1044 0.042290213804528035 7343.0553454700594 3.981589783949135
1046 0.042460476651831613 7400.8800087175459 4.0129437745721965
1048 0.042632721054420446 7459.3323076217903 4.0446380850759374
1050 0.042806150928163401 7518.2770437785121 4.0765994074761505
1052 0.042979981614459491 7577.5789166847117 4.1087543784281308
1054 0.043153440102386489 7637.1025912317864 4.1410296158231414
1056 0.043325767342241035 7696.7131378429167 4.173351957442005
1058 0.04349621841885995 7756.2761005328066 4.2056484978588093
1060 0.04366406599004545 7815.6581503733978 4.2378469427665024
1062 0.043828601602460014 7874.7273718140132 4.269875764226887
1064 0.043989132582913086 7933.3527567133196 4.3016639263219965
1066 0.044144984669456544 7991.4047251364082 4.3331411675434035
1068 0.044295503708832375 8048.7554875323376 4.3642381971740187
1070 0.044440059125846573 8105.2797373736284 4.3948870708546872
1072 0.04457804277037921 8160.8545121681746 4.4250211152213481
1074 0.044708865753178999 8215.358680628111 4.454574649835056
1076 0.044831963087873884 8268.6738570233119 4.4834834829675119
1078 0.04494679459654978 8320.6846433086994 4.5116850428885895
1080 0.045052845518423756 8371.2788202740176 4.5391184815125669
1082 0.045149627641966304 8420.3476393044384 4.5657248325980868
1084 0.045236676321907497 8467.7853490096968 4.5914467550745277
1086 0.045313553206404275 8513.4897828143312 4.6162288516482617
1088 0.045379846775970574 8557.362545686572 4.6400177700517569
1090 0.045435173317208533 8599.3092859049902 4.6627623504023124
1092 0.045479179775435141 8639.2403283129479 4.6844139685685908
1094 0.045511537736680291 8677.0696287762912 4.7049259692512093
1096 0.045531945337932388 8712.7152211453122 4.7242539083367925
1098 0.045540130521876332 8746.0999309085855 4.7423559398590731
1100 0.045535850595088488 8777.1513905049633 4.7591928243014499
1102 0.045518893110061437 8805.8023094458658 4.7747280750640941
1104 0.045489071869406129 8831.9898016561601 4.7889275937312208
1106 0.045446227541472754 8855.6555951010851 4.8017597837360935
1108 0.04539023135277858 8876.7468462349934 4.8131959919756628
1110 0.045320982167260625 8895.2156726339927 4.8232102553922038
1112 0.045238409446102863 8911.0198321619537 4.8317796692342574
1114 0.045142469867241665 8924.122161848074 4.8388840828018838
1116 0.045033145521356378 8934.4903157165081 4.844505957291287
1118 0.044910446117431384 8942.0972937791648 4.8486306526280423
1120 0.044774409503258575 8946.9216442329034 4.8512465371035214
1122 0.044625102341825262 8948.9476996745816 4.8523451154566413
1124 0.044462617068973975 8948.1650683568841 4.8519207530199528
1126 0.044287068974555671 8944.5681378568916 4.8499704065962161
1128 0.044098599383017266 8938.1568029344635 4.84649401912157
1130 0.043897374979478668 8928.9364235234407 4.8414944968873126
1132 0.043683588246153024 8916.9180069563208 4.8349778083467028
1134 0.043457455082482624 8902.1178156561818 4.8269527713956366
1136 0.043219212593404548 8884.5569995614896 4.8174308540641038
1138 0.04296911981997914 8864.2618263794429 4.806426299365361
1140 0.042707456678200022 8841.2635444836051 4.793956050955571
1142 0.042434525929055805 8815.5988713335846 4.7800400179672646
1144 0.042150651522848699 8787.3097350256103 4.764700934871553
1146 0.041856174047996651 8756.4424032839106 4.7479638891952822
1148 0.041551451840724431 8723.047781319352 4.7298564830275005
1150 0.041236860400578154 8687.1813579737827 4.7104088038175629
1152 0.040912792986511938 8648.9033992037221 4.6896535292868711
1154 0.040579660434403461 8608.2789793577249 4.6676259443882406
1156 0.04023788594383166 8565.3769411020603 4.6443633773513833
1158 0.039887906505234279 8520.2702510533982 4.619905392515915
1160 0.039530171242522082 8473.0357008166138 4.594293628226513
1162 0.039165140974652721 8423.7538631102398 4.5675717730430314
1164 0.038793289882866754 8372.5095006268766 4.5397857874349272
1166 0.038415101528105726 8319.3907589829159 4.5109834661782449
1168 0.03803106699557543 8264.4888044105774 4.4812142419031051
1170 0.037641684621854951 8207.8977984200956 4.4505291713549022
1172 0.037247459599993003 8149.7148446881547 4.4189809065958752
1174 0.036848904770208635 8090.0401946097563 4.3866238064605119
1176 0.036446537931881261 8028.9766901900193 4.3535136344774354
1178 0.036040879856511908 7966.6293499377998 4.3197073343304844
1180 0.035632453835675842 7903.1052863553323 4.285262985119509
1182 0.035221783987420083 7838.5133451397878 4.2502396057263647
1184 0.034809396779440942 7772.9644550862049 4.2146973445410998
1186 0.034395818865530378 7706.5711588712957 4.1786972250411063
1188 0.033981576032750489 7639.4473837728528 4.1423010214693958
1190 0.033567191495950208 7571.7080603899321 4.1055710520950752
1192 0.033153183508410421 7503.4685788057677 4.0685698843311533
1194 0.032740068214889312 7434.8454242900334 4.0313606794283521
1196 0.032328357348864856 7365.9556511947212 3.994006907208171
1198 0.031918556452369899 7296.9164657467909 3.9565721198425514
1200 0.031511164958831044 7227.8452279251351 3.9191199528716076
1202 0.031106673641236062 7158.8588472588181 3.8817137975901983
1204 0.03070556454240355 7090.0737399080235 3.8444167777761344
1206 0.030308311881289039 7021.6060113794692 3.8072918487630814
1208 0.029915379623101288 6953.5708677867933 3.7704014782110979
1210 0.029527221814664013 6886.082660622169 3.7338076703829328
1212 0.029144279981190655 6819.2542453057849 3.6975716183333769
1214 0.02876698295553326 6753.1968985151461 3.6617536590831246
1216 0.02839574747519821 6688.0204153137593 3.6264133262843989
1218 0.02803097699120401 6623.8327862649294 3.591609175143907
1220 0.027673061363493002 6560.7400789505682 3.5573987181793516
1222 0.027322374835577097 6498.8459085171271 3.5238381381360835
1224 0.02697927655335151 6438.251505629044 3.4909823248331744
1226 0.026644110058995519 6379.0555411708292 3.4588847801124687
1228 0.026317201665335809 6321.3536793766189 3.4275973755341544
1230 0.025998862660394612 6265.2390460299603 3.3971706062464984
1232 0.025689387006317684 6210.8016174022323 3.3676532596528448
1234 0.025389049651142696 6158.1277467070959 3.3390921586432776
1236 0.025098108463597914 6107.3005638744726 3.3115323783621538
1238 0.024816803112776679 6058.3996382750829 3.2850170633288411
1240 0.024545354539749351 6011.5007807883376 3.25958732011394
1242 0.024283965761364813 5966.6761703417051 3.2352822859521164
1244 0.024032819815687567 5923.9937793349445 3.2121388171926335
1246 0.023792081167718068 5883.5176446371461 3.1901916362407805
1248 0.023561894380770002 5845.3074665563518 3.1694731141090875
1250 0.023342385029895735 5809.4187591109612 3.1500133518982718
1252 0.023133659459272676 5775.9027156531856 3.1318401079348854
1254 0.022935804419550534 5744.8060429016332 3.1149787077795983
1256 0.022748887267915012 5716.1709342626482 3.099452029761355
1258 0.022572954922130455 5690.0347296500086 3.0852803205230352
1260 0.022408035542709901 5666.430259777223 3.0724813817054222
1262 0.022254139106830259 5645.3859170252153 3.0610706083734458
1264 0.022111254776831617 5626.9249129997315 3.0510605864450864
1266 0.021979353426773575 5611.0658398113892 3.0424613970315737
1268 0.021858387622601626 5597.8225910729143 3.035280573600093
1270 0.021748290303685198 5587.203948829223 3.0295228779968624
1272 0.021648976615074297 5579.213975714245 3.025190513084449
1274 0.021560344311583005 5573.8520464296826 3.0222831398103471
1276 0.021482273307190752 5571.1126592033343 3.0207977749749264
1278 0.021414625718903856 5570.9853733496529 3.0207287573751924
1280 0.021357246308824636 5573.4548506214642 3.0220677702267298
1282 0.021309964629297615 5578.501344215515 3.0248041063148454
1284 0.021272593369850337 5586.1002005694427 3.0289243978563167
1286 0.021244929939649049 5596.2222050327991 3.0344128039309419
1288 0.021226756768664101 5608.8335964377229 3.0412510183821246
1290 0.02121784073557955 5623.8958514003371 3.0494181528596522
1292 0.021217935477780715 5641.3662317927765 3.0588910336728352
1294 0.021226780762795612 5661.1975596190732 3.0696440797225342
1296 0.021244103301002543 5683.338374103143 3.08164938767823
1298 0.021269618578393757 5707.7333662732672 3.094876967620686
1300 0.021303029043478895 5734.3228410064221 3.1092944513488199
1302 0.021344025643018162 5763.0430740532038 3.1248672859676208
1304 0.021392289136994661 5793.8266166699359 3.1415588990673582
1306 0.021447491423272094 5826.6026092196125 3.1593308687659238
1308 0.02150929460387422 5861.2964857845027 3.1781427635423367
1310 0.021577351736112874 5897.830134465974 3.1979522291553484
1312 0.021651308717349289 5936.1223720674216 3.2187152460284998
1314 0.02173080381753895 5976.0887811884022 3.2403860409184486
1316 0.021815467617744246 6017.641656816465 3.2629170579557192
1318 0.0219049269505322 6060.6910597119968 3.2862595298165229
1320 0.021998803635489433 6105.1444450386043 3.3103632763567918
1322 0.022096714205662501 6150.90656037599 3.3351766493121842
1324 0.022198271121886753 6197.8797576808247 3.3606467014511394
1326 0.022303084003477705 6245.9643158771614 3.3867193614915339
1328 0.02241076049245232 6295.0586666700874 3.4133395565425375
1330 0.022520906916941096 6345.0595681177401 3.4404513062197393
1332 0.022633129051476786 6395.8623089158727 3.4679978334133881
1334 0.022747033062040192 6447.3609688969973 3.4959217055376
1336 0.022862223923313451 6499.4479657196616 3.5241645887338504
1338 0.022978308248500327 6552.0148516746685 3.5526676799194004
1340 0.023094894444625206 6604.9523600559723 3.5813717319307674
1342 0.023211594420279879 6658.150897671947 3.610217320575754
1344 0.023328024224844771 6711.5007387386131 3.6391449497672443
1346 0.023443802783918916 6764.8916727712094 3.6680948606011357
1348 0.023558552893390747 6818.2132997319432 3.6970071913928919
1350 0.023671902644672237 6871.3554555126639 3.7258222083849781
1352 0.023783485618645649 6924.2082863779797 3.754480346111797
1354 0.023892942638347014 6976.6627796583634 3.7829224951548714
1356 0.023999921944311695 7028.6108416840543 3.8110900444005744
1358 0.02410408008231979 7079.9455860154094 3.8389250373258901
1360 0.024205079755913107 7130.56073227865 3.8663698460320006
1362 0.024302591366908745 7180.35108363359 3.8933674301393255
1364 0.024396295413816733 7229.2132665999934 3.9198617379400291
1366 0.024485882720983818 7277.0458388465431 3.94579776484392
1368 0.024571054064820439 7323.7492186617055 3.9711215151357737
1370 0.024651521545591786 7369.2261344784283 3.9957802457189611
1372 0.024727007500378987 7413.381344595854 4.0197223141414913
1374 0.024797244194455847 7456.1215854709617 4.0428971505584377
1376 0.02486197495696205 7497.355954125027 4.0652554650823642
1378 0.024920956697896502 7536.9967144762841 4.0867496849972271
1380 0.024973959735353535 7574.9593013048634 4.1073339569082643
1382 0.025020766896931699 7611.1621027732454 4.1269640288191036
1384 0.025061173292846333 7645.5264433738485 4.1455972408855111
1386 0.025094986965197772 7677.9768339803904 4.1631926609995471
1388 0.025122027801779575 7708.4406930664745 4.1797109336272547
1390 0.025142130146065686 7736.8491998109885 4.1951147423839164
1392 0.025155143370891073 7763.1375328769063 4.2093689395059473
1394 0.025160931665732633 7787.244869131021 4.2224405451566964
1396 0.025159372967223311 7809.1141155885207 4.2342986020800399
1398 0.025150358037826039 7828.6916820501019 4.2449140523184896
1400 0.02513379115688855 7845.9277524077934 4.2542598843220505
1402 0.025109591057817647 7860.7766369450437 4.262311323974215
1404 0.02507769123965959 7873.1969335125304 4.2690459219855494
1406 0.025038041407002467 7883.1520459015592 4.2744438349688245
1408 0.024990605169480765 7890.6095292362033 4.2784874704941256
1410 0.024935360057552317 7895.5411567146029 4.2811615232776647
1412 0.024872296349804143 7897.9226093150583 4.2824528069326053
1414 0.024801417560466173 7897.7336881110059 4.2823503690915929
1416 0.024722742179548281 7894.9589294780253 4.2808458249875079
1418 0.024636303625628051 7889.5876575905695 4.2779333859185176
1420 0.024542149477680495 7881.6138054159455 4.2736097621864984
1422 0.024440340872649118 7871.0357851995777 4.2678740928708798
1424 0.024330950561577171 7857.8559227174528 4.2607276390660545
1426 0.024214063956863815 7842.0808499229197 4.2521739967843688
1428 0.024089778266796445 7823.7212823236241 4.2422189762442919
1430 0.023958204611476196 7802.7927628652405 4.2308710052229257
1432 0.023819467693693711 7779.3156190695299 4.2181411058151852
1434 0.02367370385909055 7753.314391115021 4.2040425843247169
1436 0.02352106048746903 7724.8176867180646 4.1885909525767504
1438 0.023361695154499786 7693.8579572776425 4.1718038065381657
1440 0.023195775235590382 7660.4714156465279 4.1537007817309455
1442 0.023023479201893734 7624.6985123029099 4.1343038114244344
1444 0.022844996001501805 7586.5837829651628 4.1136370440082279
1446 0.022660526077926631 7546.1762382344987 4.0917270542662427
1448 0.02247027833600591 7503.5284057873068 4.068602324029249
1450 0.022274469445828837 7458.6961388837653 4.0442931383434093
1452 0.022073323831226913 7411.7386510406986 4.0188316042707832
1454 0.021867073173015474 7362.7183874037701 3.9922515811440755
1456 0.021655956939384428 7311.7012403023709 3.9645887974459422
1458 0.021440222834954135 7258.7567403593739 3.9358809544335132
1460 0.02122012536620109 7203.9576107850044 3.9061674844652914
1462 0.020995925086296129 7147.3795451033538 3.8754894304788627
1464 0.020767886209195431 7089.100424133152 3.8438890214181249
1466 0.020536277744186267 7029.2007247169058 3.8114098938565331
1468 0.020301372981981959 6967.7633691042956 3.7780970103289802
1470 0.020063449379796084 6904.8737088520247 3.7439966506018885
1472 0.019822788983298329 6840.619693431242 3.7091565030964055
1474 0.019579677135607765 6775.0914485586263 3.6736254362488876
1476 0.019334400850797115 6708.3807309357171 3.6374532028568094
1478 0.019087248230871625 6640.5807369036174 3.6006903363265232
1480 0.018838507837061869 6571.7858918972934 3.5633880365100685
1482 0.01858846980962478 6502.0922479764949 3.5255983852564623
1484 0.018337424584714889 6431.5970449165943 3.4873741084240848
1486 0.018085663215582557 6360.3988282614973 3.448768639891941
1488 0.017833476618478641 6288.59719002773 3.4098359809628835
1490 0.017581153597715019 6216.2920734674663 3.3706303233885881
1492 0.017328980548457381 6143.583661378113 3.3312059888081986
1494 0.017077241489363008 6070.5723799284988 3.2916174308229791
1496 0.016826217901223444 5997.3588334799169 3.2519191996546422
1498 0.016576188904098281 5924.0438594097031 3.2121659718720768
1500 0.016327430045543406 5850.7280862041698 3.1724123107781881
1502 0.016080213429040119 5777.5119660816781 3.132712684098955
1504 0.015834806210497581 5704.4952203828152 3.0931211632599966
1506 0.015591469603737562 5631.7764600977034 3.0536912176269078
1508 0.015350459777556917 5559.4534856420942 3.0144758770514195
1510 0.015112027421213484 5487.6231081575834 2.9755276349758679
1512 0.014876417423577563 5416.381009591486 2.9368983725649755
1514 0.014643868630125371 5345.8216292338348 2.8986392971833475
1516 0.01441461291649122 5276.0377985836385 2.8608007444107519
1518 0.014188875135002992 5207.1206911024246 2.8234321507972227
1520 0.013966871691719574 5139.1592676127639 2.7865817531441524
1522 0.013748811185841337 5072.2404741478413 2.7502966957833217
1524 0.013534894781058534 5006.4493442066569 2.7146230860222444
1526 0.013325315322203638 4941.8686377033937 2.6796057983734136
1528 0.013120257048881701 4878.5786965984798 2.6452883962738198
1530 0.012919895614177295 4816.6574124331037 2.6117131144813479
1532 0.012724397151750517 4756.1798381115996 2.5789206485733969
1534 0.012533918515428932 4697.2182334605459 2.5469501796501706
1536 0.01234860637290139 4639.841681453735 2.5158391662421788
1538 0.01216859859540605 4584.1165638771381 2.4856236022277773
1540 0.011994023449160035 4530.1062146958102 2.456337828879962
1542 0.011824998866035547 4477.8705985007819 2.4280143605121638
1544 0.011661632878208053 4427.4664263873246 2.4006839473103674
1546 0.011504023429631921 4378.9470369943274 2.3743755108296614
1548 0.011352257849325002 4332.3621471763827 2.3491160088023553
1550 0.01120641319012333 4287.7579305088557 2.3249304777054065
1552 0.011066556118844705 4245.1769255163535 2.3018419829995862
1554 0.010932743715152958 4204.6582925332414 2.2798717584057226
1556 0.010805022280525241 4166.2373078410401 2.2590389316132478
1558 0.010683427320293046 4129.945304017936 2.2393604919361922
1560 0.010567984558129477 4095.8100101183322 2.2208514747671186
1562 0.010458709278770982 4063.855248112824 2.2035247969792211
1564 0.010355606301655855 4034.1008709941748 2.1873912233658248
1566 0.010258670512651917 4006.5629184901409 2.172459451071806
1568 0.010167887024857583 3981.2536305231479 2.1587361168917671
1570 0.010083231264119511 3958.1814318916781 2.1462257889639007
1572 0.010004668114080005 3937.3505471550347 2.1349307579507939
1574 0.0099321529862850932 3918.7613697331153 2.1248512371746373
1576 0.0098656323869063169 3902.41063812724 2.1159854581685988
1578 0.0098050432428799083 3888.2911234090639 2.1083295012254322
1580 0.0097503131495519039 3876.3916788331512 2.1018773222986655
1582 0.0097013613149824294 3866.6975684319063 2.0966209311750603
1584 0.0096580982824441969 3859.1903129338411 2.0925503079276089
1586 0.0096204260129853815 3853.8476780792921 2.0896533965800232
1588 0.0095882376549123773 3850.6435375380911 2.0879160307772371
1590 0.0095614192910564166 3849.5485305445854 2.0873222903717008
1592 0.0095398495225970104 3850.5298567645414 2.0878543901950408
1594 0.0095233991702941695 3853.551116002277 2.0894925931432251
1596 0.0095119318839630065 3858.5725143781074 2.0922153219711754
1598 0.0095053050773948374 3865.5512064265217 2.0959993447870233
1600 0.0095033694467101214 3874.441065246916 2.1008196504220433
1602 0.0095059691817876227 3885.1927328566335 2.1066494757333389
1604 0.0095129427281266318 3897.753897240545 2.1134604558271142
1606 0.0095241239754258293 3912.069749223997 2.1212228717867059
1608 0.0095393414118405059 3928.0826088470449 2.1299054480832704
1610 0.0095584182027355063 3945.7319280856459 2.1394753540512843
1612 0.0095811732910013568 3964.9547167055839 2.1498984347972812
1614 0.0096074218414095979 3985.6857026675784 2.1611392981755464
1616 0.0096369749845115812 4007.8572038855659 2.1731612452522242
1618 0.0096696402760713205 4031.3992966460241 2.1859263616265205
1620 0.0097052229261039326 4056.2403084443999 2.1993957846590444
1622 0.0097435261354407252 4082.3069444403059 2.2135297720390041
1624 0.0097843500404707039 4109.5238313753862 2.2282874544849722
1626 0.0098274927390452314 4137.8139311635205 2.2436270600039232
1628 0.0098727509141532353 4167.0987910267913 2.2595060495212649
1630 0.0099199204607130671 4197.2987987931283 2.2758812553096583
1632 0.0099687961586694511 4228.3330375568094 2.2927088021822741
1634 0.01001917257129863 4260.1196592387323 2.3099443100465962
1636 0.010070845016247873 4292.5762947393941 2.3275431162997067
1638 0.010123609132723619 4325.6198703231867 2.3454601762672231
1640 0.010177260322451101 4359.1663672399236 2.363649932864027
1642 0.010231595073097278 4393.1313861189819 2.3820666226230012
1644 0.010286411305718326 4427.4302995920571 2.4006643584509355
1646 0.010341508996710522 4461.9785255585557 2.4193972777999142
1648 0.010396690165570972 4496.6915300975352 2.4382195442462438
1650 0.010451759507862918 4531.4851100779379 2.457085500728847
1652 0.010506525079950651 4566.2757023005115 2.4759498371738111
1654 0.010560797442693242 4600.9800256363706 2.4947673964528878
1656 0.010614389715974254 4635.515115595038 2.5134931931271596
1658 0.010667118784764789 4669.7988633981668 2.5320827057464039
1660 0.010718805431308811 4703.7500914957182 2.5504919177958723
1662 0.010769275228363833 4737.2889647730735 2.5686775406631521
1664 0.010818358328606737 4770.3369207741871 2.5865969758034044
1666 0.01086588998291357 4802.8169208450618 2.6042084509156869
1668 0.010911710492777279 4834.6534539492113 2.6214710220117965
1670 0.010955664872583525 4865.7724114154607 2.6383445055013635
1672 0.010997602825958734 4896.1010994499948 2.6547894849762046
1674 0.011037379775123552 4925.5687215040662 2.6707675727622573
1676 0.011074857175480807 4954.106547583604 2.6862415017235177
1678 0.011109903260947634 4981.6482788282201 2.7011753229459718
1680 0.01114239271025699 5008.1299319990221 2.7155343431039767
1682 0.011172206758558805 5033.489922576443 2.7292851695179969
1684 0.011199232893522322 5057.6689610560043 2.7423956539235554
1686 0.011223364856395742 5080.6100854613205 2.7548349101005996
1688 0.011244502505860237 5102.2586317254754 2.7665732978135398
1690 0.011262552472414041 5122.562562871135 2.7775826013010092
1692 0.011277429008052745 5141.4728915726691 2.787836258399699
1694 0.011289054245495127 5158.9438385142712 2.7973094464101247
1696 0.011297357550585137 5174.9325771875319 2.8059789437194373
1698 0.011302275675515221 5189.3993423347665 2.8138231886021283
1700 0.011303752040272026 5202.3071383083679 2.8208221210851168
1702 0.011301737077343237 5213.6219333958188 2.8269572883156706
1704 0.011296187798325136 5223.3124967249905 2.8322117561273488
1706 0.011287068455510047 5231.3507399832697 2.8365702943287263
1708 0.011274351435473874 5237.7121713573279 2.8400196228409875
1710 0.011258017247698888 5242.3759340428478 2.8425484325788699
1712 0.011238053543505629 5245.3243922352231 2.8441471609643783
1714 0.011214455290023503 5246.543251224658 2.8448080570453809
1716 0.011187224068461198 5246.0212681258809 2.844525024645963
1718 0.011156367977352942 5243.7502424965569 2.8432936172794938
1720 0.011121901578780206 5239.7250266930387 2.8411110437637754
1722 0.011083846391499863 5233.9437942536715 2.8379763137452394
1724 0.011042231478614299 5226.4083563996774 2.8338904093137063
1726 0.010997093426440355 5217.1241937212117 2.8288563021833677
1728 0.01094847523038295 5206.099968138813 2.8228786890659743
1730 0.01089642633743647 5193.347578908948 2.8159640220384543
1732 0.010841001885063444 5178.8818351324544 2.8081203309687357
1734 0.010782262550545756 5162.720415650515 2.799357201770329
1736 0.010720274344643666 5144.8838013227787 2.7896857396818175
1738 0.010655109426582087 5125.3956973278819 2.7791187982488506
1740 0.010586846026450438 5104.2830306342757 2.76767097795276
1742 0.01051556840902333 5081.5759670886009 2.7553586354763118
1744 0.01044136624724825 5057.3076424494875 2.7421997378634448
1746 0.010364333941828698 5031.5138631907139 2.7282137002872022
1748 0.010284570029255398 5004.2328459026667 2.7134212447466304
1750 0.010202177204755237 4975.5052527177841 2.6978444192753446
1752 0.010117261823137515 4945.37397176179 2.6815064788966581
1754 0.010029934667948381 4913.8845157130427 2.6644321017325043
1756 0.0099403108052477165 4881.0849761028321 2.6466473642239126
1758 0.0098485094010889521 4847.0259588547469 2.6281797061788206
1760 0.0097546532542005706 4811.7603781942626 2.6090578190246623
1762 0.0096588680768048153 4775.3431229713933 2.5893114648800903
1764 0.009561281617440319 4737.8306399176345 2.5689712505863831
1766 0.0094620240379772874 4699.281133933463 2.5480687363083794
1768 0.0093612272941103816 4659.7542749194699 2.5266362765709212
1770 0.0092590254261442195 4619.3113546097002 2.5047071052978507
1772 0.0091555547126230593 4578.0153768254322 2.4823153847498824
1774 0.0090509535677674655 4535.9310204170606 2.4594961854307571
1776 0.0089453617414804107 4493.1242512440003 2.4362852756929643
1778 0.0088389197935753883 4449.6620668117848 2.4127189832735318
1780 0.0087317685711838199 4405.6122389650118 2.3888340557756575
1782 0.0086240490637770565 4361.0432439932556 2.3646676227703698
1784 0.0085159019922468899 4316.024056970502 2.3402570842821815
1786 0.0084074681455040736 4270.6243230010841 2.3156402036429591
1788 0.0082988880685758142 4224.9142006107177 2.2908550225745881
1790 0.0081903025348530421 4178.964603106132 2.265939992060253
1792 0.0080818514579520852 4132.8466452214243 2.2409336723021398
1794 0.0079736733861526989 4086.6313808937298 2.2158745905367851
1796 0.0078659054999413152 4040.3897959794813 2.1908012370856542
1798 0.0077586830773026328 3994.1925269230246 2.1657519128101659
1800 0.0076521390682378976 3948.1096320791025 2.1407646051169786
1802 0.0075464045522070332 3902.2108166269913 2.1158771099121072
1804 0.0074416085136642047 3856.5653071977858 2.0911269636206735
1806 0.0073378778628918877 3811.2418523242482 2.0665514434308276
1808 0.0072353368831242961 3766.3084243530702 2.0421874056630576
1810 0.0071341070028204294 3721.8320871252836 2.0180712140231734
1812 0.0070343062552434572 3677.8786985392471 1.9942385783244556
1814 0.0069360492689650851 3634.5128875220403 1.970724542000966
1816 0.0068394469197768371 3591.7978530549231 1.9475633731340816
1818 0.0067446063855009612 3549.795372769805 1.9247885691137199
1820 0.0066516311926215306 3508.5658075403376 1.902432859127742
1822 0.0065606211820281052 3468.1680635669672 1.8805281836035148
1824 0.0064716720617884549 3428.6593353637131 1.8591055548488584
1826 0.0063848755228441672 3390.095144444012 1.8381950780284884
1828 0.0063003185604397485 3352.5289560897099 1.8178257433664979
1830 0.0062180833745699082 3316.0121000832228 1.7980253831653366
1832 0.0061382476260485415 3280.5938807160046 1.7788207314551758
1834 0.0060608843160047856 3246.3214867993947 1.7602373751995219
1836 0.0059860612655533215 3213.2396861226507 1.7422995886226549
1838 0.0059138417400100623 3181.3911318858636 1.7250304993652832
1840 0.005844284206586078 3150.8162062539182 1.7084520036555568
1842 0.0057774421147200024 3121.5528743506411 1.6925846871410111
1844 0.0057133634756222906 3093.6364278929696 1.6774476858805483
1846 0.005652091047180386 3067.0995542636542 1.6630587237973997
1848 0.0055936625147321789 3041.9724045380367 1.6494341495649587
1850 0.0055381103890146952 3018.2825085474483 1.6365888905520152
1852 0.0054854617247858794 2996.0545911790723 1.6245363532159061
1854 0.0054357383669907597 2975.3106753420298 1.6132884789333268
1856 0.0053889571202109391 2956.0701444916322 1.602855777902555
1858 0.0053451297926574836 2938.3497372898187 1.5932473262482056
1860 0.0053042624220287727 2922.1630917642669 1.5844705188528072
1862 0.0052663559458591466 2907.5210813616577 1.5765312515733536
1864 0.0052314062552033394 2894.431814474397 1.5694339209846837
1866 0.0051994041017735353 2882.900552996718 1.5631813802185439
1868 0.0051703351916193661 2872.9297337757512 1.5577749505949001
1870 0.0051441803207343782 2864.5190139800202 1.5532144462218807
1872 0.0051209152296482338 2857.6651605243351 1.5494981140391639
1874 0.005100510993030629 2852.3622375553036 1.5466227354773516
1876 0.0050829338640681733 2848.6014910726894 1.5445835638967591
1878 0.0050681455164901003 2846.3714556731074 1.5433743824665391
1880 0.0050561027118754638 2845.6577394781461 1.5429873875472855
1882 0.0050467580460240085 2846.4434151913156 1.5434134007319718
1884 0.0050400599769837625 2848.7090104137087 1.5446418635948602
1886 0.0050359528203103463 2852.4324795215634 1.5466608224428049
1888 0.0050343765773641783 2857.5890806603738 1.5494568616183579
1890 0.0050352672504218043 2864.1515283293656 1.5530151862349191
1892 0.0050385572328917041 2872.0901909714903 1.5573197293150149
1894 0.0050441755685788131 2881.3732165063166 1.5623532198573959
1896 0.0050520473228474654 2891.9661512911662 1.5680969762281571
1898 0.0050620943117892702 2903.8323334698371 1.574531119444335
1900 0.0050742355410528742 2916.9331246344914 1.5816346987868246
1902 0.0050883872645994897 2931.227925666371 1.5893857003896152
1904 0.0051044625843236014 2946.6739279034027 1.5977609123165903
1906 0.0051223718143835655 2963.2263037159528 1.6067360278965095
1908 0.0051420229043679369 2980.8384337840976 1.6162857689584733
1910 0.0051633216533499057 2999.4620159314404 1.6263839448443655
1912 0.0051861717683841548 3019.0470849213066 1.6370034631428481
1914 0.0052104751232331537 3039.5421494436991 1.6481164039671439
1916 0.0052361317971840486 3060.8942024025196 1.6596940255330259
1918 0.0052630406096424165 3083.0490218743776 1.6717069273462752
1920 0.0052910991433254553 3105.9511757532759 1.6841250527211447
1922 0.0053202037169952044 3129.5439968590053 1.6969176752835038
1924 0.0053502493809121799 3153.7695712144096 1.7100533926144759
1926 0.0053811303760139479 3178.5690001818198 1.7235002683874232
1928 0.0054127406290202509 3203.882687221434 1.737225987855572
1930 0.0054449740584715687 3229.6505161396467 1.7511979545027521
1932 0.0054777242785876978 3255.8116736697193 1.7653831938421614
1934 0.0055108848695361217 3282.3048072210672 1.779748438952008
1936 0.0055443497707308078 3309.0682580498542 1.7942602569064867
1938 0.005578013611116343 3336.0402596524737 1.8088851563497272
1940 0.0056117711375656939 3363.1585981083572 1.8235894033250997
1942 0.0056455175030021071 3390.3607844959593 1.8383391147635095
1944 0.0056791488394230764 3417.5844008975773 1.8531004460959366
1946 0.0057125628419905372 3444.7674573433233 1.8678397847974573
1948 0.0057456586243721632 3471.8483127679506 1.8825237075280432
1950 0.0057783369182586048 3498.7658033178268 1.8971190497038379
1952 0.0058105000144712026 3525.459215385004 1.9115928908755491
1954 0.0058420520635192345 3551.868476771961 1.9259126583827924
1956 0.0058728990870144772 3577.9341739773195 1.9400461367268429
1958 0.005902949044704473 3603.5976035562071 1.9539614954195204
1960 0.0059321116739401323 3628.8006848112609 1.9676272416420471
1962 0.0059602990927427549 3653.4863393816322 1.9810124260677808
1964 0.0059874262627044759 3677.598789295811 1.9940868044739719
1966 0.0060134113154477744 3701.0837745696876 2.0068209557289189
1968 0.006038175276152081 3723.8884014690966 2.0191861995160942
1970 0.0060616419770202698 3745.9611061316691 2.0311545766089947
1972 0.0060837381101329045 3767.2517039058116 2.0426988756239806
1974 0.0061043935202089216 3787.7115880011224 2.0537927407335399
1976 0.0061235409781586316 3807.2936075867069 2.0644106055681219
1978 0.0061411161432980699 3825.9520617763883 2.074527689954766
1980 0.0061570579273598344 3843.6429442120548 2.0841201325363605
1982 0.0061713092376000107 3860.324427592358 2.0931652534953229
1984 0.0061838169537897728 3875.9568736999158 2.1016415599906004
1986 0.0061945318363987398 3890.5028001150072 2.1095287281089958
1988 0.0062034082585076551 3903.9267353774862 2.1168075243303064
1990 0.0062104042120687177 3916.1952451853813 2.1234598197328638
1992 0.0062154811360221078 3927.2768461492233 2.1294685432289562
1994 0.0062186041304177027 3937.1421626954852 2.1348177666418304
1996 0.0062197417804226137 3945.7638381820366 2.1394926565102494
1998 0.0062188663888138734 3953.1167044004969 2.1434795659969423
2000 0.0062159543458816134 3959.1780404427923 2.1467661752525804
2002 0.0062109866506472903 3963.9279310378088 2.1493416857149472
2004 0.0062039484969951993 3967.3490309784002 2.151196692375319
2006 0.0061948289804012267 3969.4264037404205 2.1523230962736388
2008 0.0061836208337007785 3970.1473765774426 2.1527140259272146
2010 0.0061703204340768422 3969.5015681436239 2.152363852308536
2012 0.0061549276560902474 3967.4808169981843 2.1512681500785984
2014 0.0061374459108432308 3964.079229269692 2.1494237234316813
2016 0.0061178821996329914 3959.2932360661011 2.1468286372245178
2018 0.0060962474302545117 3953.121821681154 2.1434823407155612
2020 0.0060725567019201737 3945.5667339184506 2.1393857816079986
2022 0.0060468292485294168 3936.632474267738 2.1345414007230894
2024 0.0060190879148110795 3926.3259830098109 2.1289529612560987
2026 0.0059893589168969474 3914.6565062521577 2.1226254766796728
2028 0.0059576715149196073 3901.6354035646937 2.115565106439083
2030 0.0059240580011103265 3887.2761601681177 2.10777916256106
2032 0.0058885535945574965 3871.5943377194158 2.0992760829684527
2034 0.0058511965837253002 3854.6076875554568 2.0900654928837596
2036 0.0058120283143384705 3836.3361630316222 2.080158211519449
2038 0.0057710935326393611 3816.8021668557535 2.0695663861886597
2040 0.0057284403546571548 3796.0305533263177 2.0583034935187898
2042 0.0056841199782248011 3774.0484595897542 2.046384247954979
2044 0.0056381859897250584 3750.8848651019648 2.033824362889014
2046 0.0055906943299644856 3726.5705850848431 2.0206405471112983
2048 0.0055417030378534004 3701.1381153647581 2.0068504206783606
2050 0.0054912720527773694 3674.6215145243013 1.9924724510125664
2052 0.0054394632678828924 3647.0564527786419 1.9775259794041027
2054 0.0053863407275169554 3618.4803581470137 1.962031300268851
2056 0.0053319705959894827 3588.9324102898736 1.946009657806735
2058 0.0052764211806982661 3558.4535708040607 1.9294832624285221
2060 0.0052197628017144684 3527.0865099910434 1.912475251047719
2062 0.0051620674214619853 3494.8753702154713 1.8950095587676119
2064 0.0051034079883935744 3461.865332374774 1.8771106838101494
2066 0.0050438584184928376 3428.1026107259104 1.8588036847108764
2068 0.0049834934888998593 3393.6343877432719 1.8401141449972451
2070 0.0049223886687816097 3358.5087053367647 1.8210681142043181
2072 0.0048606200328892421 3322.7744112737796 1.801692078823407
2074 0.0047982646240408494 3286.4814124128129 1.7820130996117294
2076 0.0047354002734620784 3249.68055877592 1.7620587487335693
2078 0.0046721055021754524 3212.4235819410633 1.7418570763550534
2080 0.0046084591550660508 3174.7628485072401 1.7214364769667285
2082 0.0045445401958871916 3136.7512217480157 1.7008256143686165
2084 0.00448042725209335 3098.4417486327152 1.6800532519652127
2086 0.004416198470790101 3059.8875587902057 1.6591481979811011
2088 0.0043519315193376786 3021.1418627372259 1.638139304500309
2090 0.0042877034989161145 2982.2578895638871 1.6170554336778145
2092 0.0042235908689503684 2943.2888314874708 1.5959254276752182
2094 0.0041596696699217495 2904.2879961248691 1.5747781912266989
2096 0.0040960153272777368 2865.3086674995934 1.5536426162735106
2098 0.0040327024798849044 2826.4039826712897 1.5325475150693919
2100 0.0039698046768579104 2787.6267145504653 1.5115215024172366
2102 0.0039073941334248257 2749.0290937993423 1.4905928990992432
2104 0.0038455415111540402 2710.6626459224299 1.4697896435433158
2106 0.0037843159079402498 2672.5781747011979 1.4491392828409269
2108 0.0037237846828119215 2634.8256286436695 1.4286689003327173
2110 0.003664013536207903 2597.454147097008 1.4084051406119051
2112 0.0036050663797270875 2560.5119574467985 1.3883741537831424
2114 0.0035470056067716592 2524.0465565087225 1.3686016938176568
2116 0.0034898917867554817 2488.1044831060872 1.3491129952390515
2118 0.0034337833975327491 2452.7311154455497 1.3299326632553141
2120 0.003378736804853978 2417.9706430752535 1.3110846585538112
2122 0.0033248061141747227 2383.8659471142191 1.2925922323586421
2124 0.0032720429189446957 2350.4584048765146 1.2744778204929395
2126 0.003220496380326184 2317.7879309379919 1.2567630656462878
2128 0.0031702132000284017 2285.8929417337586 1.2394687981785795
2130 0.0031212376318832855 2254.8103478753974 1.2226150319542193
2132 0.0030736113244666167 2224.5754242318112 1.2062208938966803
2134 0.003027373564958255 2195.2219696289826 1.1903047105817424
2136 0.0029825611645356077 2166.7822080688757 1.1748839546758882
2138 0.0029392081152769334 2139.2865226621925 1.1599751006679357
2140 0.0028973454968704974 2112.7633688700325 1.1455935778264765
2142 0.0028570017906757814 2087.239484527739 1.1317538840801034
2144 0.0028182026246897488 2062.739685844308 1.1184694754031435
2146 0.002780970688869829 2039.2867861847596 1.1057527217774135
2148 0.0027453258092625939 2016.9016307728016 1.0936149260088783
2150 0.0027112851358296612 1995.603215631256 1.0820663882201498
2152 0.0026788629821937453 1975.4085513353309 1.0711163319740751
2154 0.0026480708432771666 1956.3326568193561 1.0607729009155917
2156 0.0026189174769834281 1938.3886006759644 1.0510431811651866
2158 0.0025914088157054818 1921.5874168872838 1.0419331556262219
2160 0.0025655477445510146 1905.9379207583768 1.0334476041794054
2162 0.0025413344122421811 1891.446919420951 1.0255902178232095
2164 0.0025187663436068808 1878.1192769047784 1.0183636339572368
2166 0.0024978383255310397 1865.957810856127 1.0117693803803485
2168 0.0024785422160977662 1854.9631307742175 1.0058077875783922
2170 0.0024608673473459786 1845.1339197037403 1.0004781414649888
2172 0.0024448005084530041 1836.4669040381548 0.99577866700811823
2174 0.002430325944448117 1828.956834823023 0.99170651809231769
2176 0.0024174252804566574 1822.5964128545322 0.9882577369052099
2178 0.002406077659489414 1817.3763743959196 0.98542730041511117
2180 0.0023962597541077814 1813.2854825508864 0.98320911569347835
2182 0.0023879459002285053 1810.3106112812811 0.98159606547141642
2184 0.0023811082294063063 1808.4368293375401 0.98058005364887857
2186 0.0023757168039901847 1807.6474874353366 0.98015205256404458
2188 0.0023717393566950605 1807.9240049740793 0.98030198734671237
2190 0.0023691414954831974 1809.246009881713 0.98101881174567485
2192 0.0023678869348792392 1811.5915003535513 0.98229059582759426
2194 0.0023679375906871768 1814.9369037912236 0.98410455793518492
2196 0.0023692534588114454 1819.256970721792 0.98644700716748424
2198 0.0023717927543954304 1824.5248679170816 0.98930339387150101
2200 0.0023755119522369428 1830.7121965634165 0.99265831949430461
2202 0.0023803661458788282 1837.7892567740289 0.99649568000832422
2204 0.0023863090339525804 1845.7250267840877 1.000798654630368
2206 0.0023932930154260002 1854.487226390605 1.0055497402203404
2208 0.0024012691325668643 1864.0422629547654 1.0107307220023434
2210 0.0024101871159336076 1874.3552562424748 1.0163226870338493
2212 0.0024199956108487846 1885.3902050101517 1.0223061145327159
2214 0.0024306424614476967 1897.1102004175577 1.0286609915950065
2216 0.0024420746061599207 1909.4773380000181 1.0353667654641077
2218 0.0024542382006997546 1922.4528069522312 1.0424023919426624
2220 0.0024670786485833634 1935.9969078706699 1.0497463450129465
2222 0.0024805409015938966 1950.0692829587201 1.0573767416599016
2224 0.0024945695928223896 1964.6290169123436 1.0652713965738847
2226 0.0025091091099643079 1979.6346917910134 1.073407851903073
2228 0.0025241033974976227 1995.0442282149265 1.0817632911465882
2230 0.0025394961025363328 2010.8149970007673 1.0903145996862227
2232 0.002555230732767191 2026.9039416170622 1.0990384311848211
2234 0.0025712509581294835 2043.2678162079849 1.1079113366487894
2236 0.0025875007048144463 2059.8632608598964 1.1169098052395112
2238 0.0026039241705101911 2076.6468148671315 1.126010271466392
2240 0.002620465828419071 2093.5749211630264 1.1351891175894733
2242 0.0026370706982185217 2110.6041444412322 1.1444227918903105
2244 0.0026536844166012313 2127.6912309094891 1.1536878410719755
2246 0.0026702533767908416 2144.7932240612054 1.1629609730333257
2248 0.0026867245961989246 2161.8673629059758 1.1722190016870258
2250 0.0027030456328546323 2178.8710183920734 1.1814388124862187
2252 0.0027191647336570002 2195.7618163220404 1.1905974290724595
2254 0.0027350312391892259 2212.4979691000044 1.199672193157475
2256 0.0027505956513802642 2229.0383377566859 1.2086407981546883
2258 0.0027658097608285852 2245.3425430137409 1.2174813494011045
2260 0.0027806265855013557 2261.370924068442 1.2261723418093275
2262 0.0027950004396071247 2277.0846029256886 1.2346926947499965
2264 0.002808887096971266 2292.4456264764244 1.2430218290902875
2266 0.0028222438503221216 2307.4170249130079 1.2511396988682004
2268 0.0028350293862478295 2321.9627197154496 1.2590267414003764
2270 0.0028472037753686607 2336.0475251136399 1.2666638780749544
2272 0.0028587283369381784 2349.6370462818577 1.2740324591500671
2274 0.0028695660045002722 2362.6979889353715 1.281114431624925
2276 0.0028796815759082276 2375.198376749418 1.2878924571298687
2278 0.002889041832106279 2387.1076625473538 1.2943499722153902
2280 0.0028976154268051868 2398.3966509244447 1.3004711463967986
2282 0.0029053729558345962 2409.0375689300331 1.3062409204798755
2284 0.0029122869049593358 2419.0040364400884 1.3116449904961225
2286 0.0029183317322415098 2428.2711480634948 1.316669852114418
2288 0.0029234838106211593 2436.8154392918746 1.3213027822865959
2290 0.0029277213134492573 2444.614804550763 1.3255317948127285
2292 0.0029310240609390754 2451.6483815957017 1.3293455776577705
2294 0.0029333737080318393 2457.8967206712468 1.3327335846738402
2296 0.0029347538852122364 2463.3419158562233 1.335686106818929
2298 0.0029351505439296696 2467.9679097188073 1.3381944373485684
2300 0.002934551871894384 2471.7604387507768 1.340250842228907
2302 0.0029329481967252627 2474.7069682730489 1.3418485248408487
2304 0.0029303319418240827 2476.7966706793791 1.3429816141832396
2306 0.002926697627312663 2478.0204414868717 1.3436451735758583
2308 0.0029220417065894339 2478.370776013076 1.3438351337906291
2310 0.0029163625622119962 2477.8417800201219 1.3435482988231391
2312 0.002909660317763494 2476.4290237421646 1.3427822667426381
2314 0.0029019367839086584 2474.1295086944046 1.3415354116950526
2316 0.0028931955802899028 2470.941784214941 1.3398069470949177
2318 0.002883442402144457 2466.866188930816 1.3375970565543551
2320 0.002872685067176515 2461.9049062982858 1.3349069239984084
2322 0.0028609335255875791 2456.0619889703153 1.3317387468777144
2324 0.0028481996208078422 2449.3431689060235 1.3280956332050551
2326 0.0028344970605230944 2441.7558465529619 1.3239815956897156
2328 0.0028198413016962648 2433.3090055918688 1.3194015055099406
2330 0.0028042494082615339 2424.0131030719213 1.3143610327414978
2332 0.0027877398839493677 2413.8799367781462 1.3088665744409427
2334 0.0027703326592345336 2402.9226448221575 1.3029252544237071
2336 0.0027520489707258521 2391.1556116904794 1.2965448723211284
2338 0.0027329115191906126 2378.5946157534322 1.2897339835634907
2340 0.0027129446112199272 2365.2569639486078 1.2825019724087987
2342 0.0026921742505003413 2351.1615837488762 1.2748591018101518
2344 0.0026706278989154703 2336.3288271375372 1.266816407126127
2346 0.0026483344380581709 2320.7804480987065 1.2583856839154994
2348 0.002625323946615998 2304.539418161909 1.2495793879208688
2350 0.0026016276269776629 2287.6298711870404 1.2404106051296728
2352 0.0025772776138945452 2270.0769436265641 1.2308929651603235
2354 0.0025523068262430677 2251.9066511170936 1.2210405743470487
2356 0.002526748917005067 2233.1458505602945 1.2108679951792043
2358 0.0025006383135816809 2213.8222817408669 1.20039026886759
2360 0.0024740101780795641 2193.9645383529355 1.1896228996342304
2362 0.0024469006047239282 2173.6022493247488 1.1785819530311978
2364 0.0024193465540607237 2152.7660277311843 1.167284028239685
2366 0.0023913857270564647 2131.4873655591723 1.1557462010091641
2368 0.0023630563669004537 2109.7984628019408 1.1439859309879754
2370 0.0023343971854022107 2087.7321662033469 1.1320210285089616
2372 0.0023054471851228992 2065.3218139397345 1.1198695703720503
2374 0.0022762455018102857 2042.6010969176434 1.1075498246363784
2376 0.0022468312870044609 2019.6039547555756 1.0950801942189798
2378 0.0022172436804147274 1996.364551530465 1.0824792037439106
2380 0.0021875217967718325 1972.9172643286449 1.0697654933342946
2382 0.0021577048234303134 1949.296771729983 1.0569578665906536
2384 0.0021278319329458921 1925.5379757455994 1.0440752482635685
2386 0.0020979423560171153 1901.6760683222603 1.0311367203140389
2388 0.0020680752091900064 1877.7463758443221 1.0181614375985164
2390 0.0020382693461474147 1853.7842235142318 1.005168554332591
2392 0.0020085632506010222 1829.8248362729171 0.9921771703675295
2394 0.0019789949443657618 1805.9032525904058 0.97920628444537339
2396 0.0019496018061168398 1782.0541557667409 0.9662747027260421
2398 0.0019204205383279501 1758.3118392370438 0.95340101997486337
2400 0.0018914870769822984 1734.7101190773883 0.94060357212105117
2402 0.0018628366793733576 1711.2824092704693 0.9279004770686492
2404 0.0018345039072341157 1688.0617014467684 0.91530962371168101
2406 0.0018065226402931378 1665.0805725022819 0.90284867606467289
2408 0.0017789259615818361 1642.3710739235405 0.89053501325188966
2410 0.0017517461396576999 1619.9647096691206 0.87838571751413153
2412 0.0017250145406633019 1597.8923488786099 0.86641752687733453
2414 0.0016987614950849477 1576.1840957236816 0.85464676458254063
2416 0.0016730162129388224 1554.8692030201582 0.84308929224418017
2418 0.0016478067600671446 1533.9760419256368 0.83176049341935998
2420 0.0016231599458641649 1513.5319888085032 0.82067521226539075
2422 0.0015991013519102259 1493.5634426649974 0.80984776298375794
2424 0.0015756553036792168 1474.0957895199706 0.79929191051731541
2426 0.0015528449626227949 1455.1534793457836 0.78902091225765147
2428 0.0015306922927477355 1436.7599860060175 0.77904749632555892
2430 0.00150921795869426 1418.9377024653365 0.76938380475117962
2432 0.0014884412661448404 1401.7078748936851 0.76004135774363879
2434 0.0014683802511849325 1385.0906766948235 0.75103109383118438
2436 0.0014490515637226088 1369.1050887612207 0.74236330493236879
2438 0.0014304703921391851 1353.7688176394665 0.7340475919832733
2440 0.001412650411699151 1339.098235489321 0.72609283238178923
2442 0.0013956038912590171 1325.1084698365748 0.71850722865388339
2444 0.0013793416066494272 1311.8133104309222 0.7112982579495869
2446 0.0013638728622551203 1299.2252183371277 0.70447267697245552
2448 0.0013492055552865264 1287.3553759339948 0.69803654909027157
2450 0.0013353462151843912 1276.2137137207817 0.69199525887015789
2452 0.001322299900092761 1265.8088006403937 0.68635345260904757
2454 0.0013100701439972282 1256.1477819861145 0.68111500466514796
2456 0.0012986590299349163 1247.236437864148 0.67628304915780368
2458 0.0012880673168624004 1239.0792939314738 0.67186004001235666
2460 0.0012782942846451958 1231.6794616985344 0.66784766436823395
2462 0.001269337692535191 1225.0385868764733 0.66424681457151891
2464 0.0012611938915397982 1219.1569460677408 0.66105764060303529
2466 0.0012538579135355499 1214.0335219689782 0.65827959085524779
2468 0.0012473233916275354 1209.6659157275456 0.65591136460976152
2470 0.0012415826332480677 1206.0504068896896 0.65395094454272962
2472 0.0012366266794880121 1203.1820006170783 0.65239562232684989
2474 0.0012324453142901128 1201.0544265776198 0.65124199802993787
2476 0.0012290269277422845 1199.6599954851899 0.65048590232715042
2478 0.001226358663429144 1198.9897320404939 0.65012246858487288
2480 0.0012244265317759571 1199.0334759385637 0.65014618762953069
2482 0.0012232154684308678 1199.7799300180816 0.65055093385536833
2484 0.0012227092089763473 1201.2165285006668 0.65132989378046646
2486 0.0012228903224853578 1203.3294603240508 0.65247557869857842
2488 0.0012237403711100651 1206.1038169873389 0.65397990484455981
2490 0.0012252399822681162 1209.5236556102388 0.65583422758667198
2492 0.0012273687814840996 1213.5719248816022 0.65802930127401371
2494 0.0012301055118186753 1218.2305751368929 0.66055533892330087
2496 0.0012334280473120741 1223.4805644240646 0.6634020155079382
2498 0.0012373133681507784 1229.3018266518563 0.6665584506872213
2500 0.0012417375866982906 1235.6732901000769 0.67001321884308029
