# ell Cl ell_ellplus1_Cl_over_2pi quadrupole_normalized
2 2038.4689640134793 1946.594471772961 1
12 73.508702885394911 1825.0866542195149 0.93757928561115433
22 19.828165430248273 1596.8097735779324 0.82030941561421156
32 8.066995384310589 1355.8007140260361 0.69649880017956223
42 3.9788796958397197 1143.6646190389283 0.58752073717607811
52 2.2599889731218425 991.30127561360723 0.50924899355679798
62 1.4827064563255412 921.7381209161324 0.47351317096704382
72 1.1369286393339935 951.06170456428197 0.48857721438921675
82 1.0051545761025966 1088.7920235516842 0.55933171461234599
92 0.9826730407597567 1338.1350582057835 0.68742364041905879
102 1.0144768351881106 1696.2882852281377 0.87141328603648815
112 1.0698063154292696 2154.8733749109288 1.1069965553473842
122 1.1307407382434553 2700.5244455694542 1.3873071585936503
132 1.1866440777974807 3315.630911921015 1.703298226723686
142 1.2312705722300401 3979.2205732232719 2.0441959693839018
152 1.2611630627036114 4667.9521217878491 2.3980095440917757
162 1.2747168846519223 5357.1830863648574 2.7520796776359524
172 1.2716017142506517 6022.0698195875939 3.0936437490766551
182 1.2523842459502115 6638.6566138603202 3.4103952878350787
192 1.2182673015757506 7184.9087556921713 3.6910146719712742
202 1.1708992001597016 7641.6483446516932 3.9256498749283253
212 1.1122271809889501 7993.354983076506 4.1063277939940654
222 1.0443794757960483 8228.7960327510646 4.2272780243006993
232 0.96956838184579852 8341.4678839995686 4.2851595465603829
242 0.89000831688586612 8329.8242092248274 4.2791779849441429
252 0.80784695272082352 8197.2897184515114 4.211092673547669
262 0.72510749019493637 7952.0584348005459 4.0851130269356002
272 0.64364147000490379 7606.689705947595 3.9076910040843851
282 0.56509133838166514 7177.5185906669913 3.6872182135243081
292 0.49086295204628372 6683.9140773524714 3.4336448470773435
302 0.4221071395929466 6147.4131395514132 3.1580348288733919
312 0.35971038525465748 5590.7753257395379 2.872080141400716
322 0.30429379030511478 5036.9961106049541 2.5875939666145515
332 0.25621992681886041 4508.3264052419418 2.3160069909865468
342 0.21560660885141181 4025.3386811659761 2.0678876568984048
352 0.18234672896160323 3606.0809997061206 1.8525075725822324
362 0.15613318237433529 3265.356019284995 1.6774711254116037
372 0.13648770136344834 3014.1538987790568 1.5484241543302861
382 0.12279252814105097 2859.263692521733 1.4688543165940011
392 0.1143236857519439 2803.0766038487741 1.4399900156377863
402 0.11028476924575813 2843.5886342572931 1.4608017619958351
412 0.10984013318524354 2974.5991544944422 1.5281041827809021
422 0.11214647615779931 3186.0939785031146 1.6367528135437557
432 0.11638195158510065 3464.7939335525884 1.7799259084491541
442 0.12177199652512354 3794.840735375567 1.9494767864614455
452 0.1276113418739277 4158.589415925866 2.1363409154954689
462 0.13328168006851968 4537.4678069990432 2.3309774443499327
472 0.13826478849499518 4912.8653877144616 2.5238258193756282
482 0.14215095415966442 5267.0092343575934 2.7057557753980439
492 0.14464278490119617 5583.7880977989371 2.8684906788588664
502 0.14555461766505517 5849.4875594605692 3.0049851904350922
512 0.14480786878274132 6053.4034448321572 3.1097403864086335
522 0.14242279420375517 6188.3066396212926 3.1790425429416604
532 0.13850719537737965 6250.7381801314295 3.2111147292215665
542 0.13324279146708662 6241.1262868061031 3.2061769296620248
552 0.12686986181340809 6163.7186624848946 3.1664112643199744
562 0.11967090951102966 6026.3372706006685 3.0958360141195058
572 0.11195390356537788 5839.9620292983363 3.0000917571595132
582 0.10403589646250799 5618.1701094780074 2.8861533262040808
592 0.096227643137674512 5376.4595245565506 2.7619823247826569
602 0.088819695830614526 5131.4868061978223 2.6361355077331834
612 0.082070216034750232 4900.2428643240946 2.5173414059174566
622 0.076195178162501945 4699.2229682132729 2.4140739308343018
632 0.071361149741088703 4543.6279092707346 2.3341419978103564
642 0.067680462043423456 4446.6141691496214 2.2843043241048759
652 0.065209094256044889 4418.6446486549758 2.2699358868673185
662 0.063947190225659742 4466.9708278558037 2.2947618996304251
672 0.063841797802078548 4595.2545874756879 2.3606635352715886
682 0.064791768173648331 4803.3589477948872 2.4675704248866901
692 0.066654451478398727 5087.314884163955 2.6134436103326757
702 0.069253745255162466 5439.4605816959011 2.7943470818252312
712 0.072389153373813367 5848.7512700198395 3.0046069455302566
722 0.075845388969419919 6301.222418051374 3.2370493749076621
732 0.079402121658467897 6780.5870280316412 3.4833074512206301
742 0.082843424109764446 7268.9367795773642 3.7341813536318158
752 0.085966631101702773 7747.5226785849836 3.9800393923489001
762 0.088590066647461857 8197.5612322589168 4.211232154991464
772 0.09055985163245428 8601.0728919652811 4.4185232295103622
782 0.091754683737260478 8941.6340015039477 4.5934754933110931
792 0.092089861010082222 9205.1383046842675 4.7288423131604889
802 0.091518610205876691 9380.3590380978785 4.8188563021830806
812 0.09003288895835998 9459.4937022277281 4.8595091784124964
822 0.087661531343716029 9438.4534314860593 4.8487004192966312
832 0.084467864006636958 9317.0831504986782 4.7863503598737056
842 0.080545362396646794 9099.1398003153299 4.6743890071915288
852 0.076012723497720244 8792.1492328397799 4.5166825244458222
862 0.07100793051781186 8407.0774578976707 4.3188643447859443
872 0.065681864268906653 7957.8606743870268 4.0880937400068733
882 0.060191743071450372 7460.8161883970552 3.8327531987706376
892 0.054694577078501963 6933.950123922069 3.5620927853589439
902 0.049340876979825039 6396.188936112927 3.2858353544419909
912 0.044269194353151117 5866.6119955426993 3.0137823160462287
922 0.039600884026320178 5363.6154695603336 2.7553841066214195
932 0.035436620689515128 4904.2204922846604 2.5193847837335581
942 0.031852867037158658 4503.3039012837007 2.3134268418948531
952 0.028900723024168701 4173.0990072907889 2.1437947491394671
962 0.026604578671600543 3922.6347949152282 2.0151268545124794
972 0.024963109841884393 3757.4907880950109 1.930289458118456
982 0.023950291068487464 3679.5603726249547 1.8902552257192049
992 0.023518039259928115 3687.0766257293199 1.8941164578419487
1002 0.023599252013320061 3774.7398348728743 1.9391505984473676
1012 0.024111593220445496 3934.0148747888152 2.0209730027670885
1022 0.024961711959391796 4153.565166062348 2.1337598695013629
1032 0.026049649878115037 4419.7941319240599 2.2705263967479086
1042 0.027273354074880903 4717.4869750913458 2.4234564741133022
1052 0.028532910021433482 5030.4902256481646 2.5842517784746337
1062 0.029734728114882619 5342.4674486208414 2.7445199943236842
1072 0.030794854541115246 5637.581015566986 2.8961250518872941
1082 0.031642063550914201 5901.20426322209 3.0315529756165724
1092 0.032220264163771085 6120.5722470592718 3.1442461877972181
1102 0.032489461870022697 6285.2094772151004 3.2288232440578764
1112 0.032427362715753402 6387.5117583224555 3.2813777347804245
1122 0.032028516216510552 6422.8763964333502 3.2995451746985522
1132 0.031303895760349219 6389.9117036916814 3.2826106291526358
1142 0.030279997687170226 6290.5454365456808 3.2315644207168859
1152 0.02899559846040755 6129.6262557494383 3.148897392155114
1162 0.027500685791764071 5914.9284902735526 3.0386033537258674
1172 0.025853015543759881 5656.6194532357604 2.9059054339570296
1182 0.024114691970857031 5366.6598743269296 2.7569480711814456
1192 0.022350398014462175 5058.5039347058655 2.5986429161583788
1202 0.0206231700628937 4746.1957895605829 2.4382046997378661
1212 0.018992090287770862 4443.8185608187114 2.2828681706731011
1222 0.017510334407588368 4164.973425858454 2.1396204942804498
1232 0.016222099904149918 3921.940383302152 2.0147701229881965
1242 0.015161683851287253 3725.2917676921475 1.9137482519916675
1252 0.014352382124387549 3583.4349093919186 1.8408738755577176
1262 0.013805455326857547 3502.1405548975749 1.7991115282002319
1272 0.013520523609281097 3484.4092458093596 1.7900026411950893
1282 0.013485949696251718 3530.3384973775378 1.8135973098506237
1292 0.013679669913170898 3637.1129505529875 1.8684492344418815
1302 0.014070680519594389 3799.1866797718685 1.9517093749431869
1312 0.014620697487390501 4008.5451915700264 2.0592605443490437
1322 0.015286077654476402 4255.0776759035671 2.1859086407596937
1332 0.016019945004268215 4527.0524553041741 2.3256268940191371
1342 0.016774330202202373 4811.6479924386304 2.4718286536877785
1352 0.017502163346819758 5095.4946814264067 2.6176457168222731
1362 0.018159461033255858 5365.3251926823741 2.7562624216206824
1372 0.018707058385784608 5608.5459450487688 2.8812092227614809
1382 0.019111734977110842 5813.6712425816986 2.9865857151472328
1392 0.019347865712792987 5970.9515577579023 3.0673833940972575
1402 0.019398278352040457 6072.8003461132203 3.1197049175743858
1412 0.019253963849813253 6113.8832647260706 3.140809939297494
1422 0.018914623310733944 6091.4730166044519 3.1292973985774908
1432 0.018388808163824644 6005.6901524624736 3.0852292244478035
1442 0.017692306808946252 5859.1711627269351 3.0099598286593277
1452 0.016847207529818383 5656.9232692636242 2.9060615096226443
1462 0.015881795302167968 5406.4404600263615 2.7773840614589687
1472 0.014828299310445792 5117.0779434010083 2.6287334201357138
1482 0.013720792331351957 4799.4191220401344 2.4655464667321367
1492 0.012594862044479667 4465.2129683799976 2.2938588561350817
1502 0.011485824586935265 4126.7791179619226 2.1199994029589768
1512 0.010426444538506507 3796.1825477161437 1.9501660991868406
1522 0.0094461425570221969 3484.8908719933374 1.7902500610819541
1532 0.0085704064330783241 3203.4833395483356 1.6456860357928575
1542 0.0078192755093762761 2960.9900433548169 1.5211129417510072
1552 0.0072066159082289994 2764.4878168174532 1.4201662734095581
1562 0.0067402933435139218 2619.0207364744542 1.3454372620759816
1572 0.0064219887826399164 2527.3822938279395 1.2983609737296729
1582 0.0062471961798258252 2489.9617170988095 1.2791373617900748
1592 0.0062058002783557838 2504.8214020907953 1.286771044720681
1602 0.006282841884771715 2567.8656395361854 1.3191579842499861
1612 0.0064593155570829069 2673.0435727323079 1.3731897482980602
1622 0.0067131504979832746 2812.6512430964412 1.4449086771189044
1632 0.007020317683684202 2977.7157365436792 1.5297052260872659
1642 0.0073559732281241168 3158.4280489064054 1.6225403363185886
1652 0.0076955352418682805 3344.5820881536856 1.7181709578715878
1662 0.0080156331324440205 3525.991264851868 1.8113640596340492
1672 0.0082952423939107647 3693.0180192691287 1.8971686567595782
1682 0.0085164896183452955 3836.9917059427739 1.9711304853588927
1692 0.008665082759067376 3950.4826922134821 2.0294328117634985
1702 0.0087306259842725824 4027.5386705933893 2.0690178303676685
1712 0.0087074099890277167 4064.15486737326 2.0878282181042165
1722 0.008594293148213061 4058.3427178838447 2.0848424141405788
1732 0.0083941571685023069 4009.9935911918774 2.0600046128455145
1742 0.0081135165701221746 3920.8009693445852 2.0141847858909792
1752 0.0077628060472172099 3794.5028649893834 1.9493032164698099
1762 0.0073554650899814904 3636.5409853820775 1.8681554058200478
1772 0.0069067480257488777 3453.5535702869702 1.7741515350865393
1782 0.0064329427605169572 3253.0359413865513 1.6711420835505002
1792 0.0059513187719777705 3043.3481671097347 1.5634217661873091
1802 0.0054790895798351499 2833.2118263455627 1.4554710122879726
1812 0.0050322260382695072 2631.0934271009228 1.3516392167211484
1822 0.004624790389140764 2444.8218976958347 1.2559482383966125
1832 0.0042688588677890849 2281.4967939513322 1.1720452446745839
1842 0.0039740014116153117 2147.1535815988836 1.10303076102094
1852 0.0037466654863674612 2046.3572430598942 1.051249899623967
1862 0.0035900191841999923 1982.0263893787007 1.0182020025842715
1872 0.003504115881939965 1955.4297279292587 1.0045388273132465
1882 0.003486030250766214 1966.1707103768724 1.0100566599195575
1892 0.0035299971125699096 2012.1772191026796 1.0336910169430338
1902 0.0036277716381034868 2089.822370150589 1.0735787039645581
1912 0.0037691188594695915 2194.1323607468885 1.127164590552068
1922 0.0039423499355903443 2319.0385614429974 1.1913311144518015
1932 0.0041348744584303338 2457.6579335218375 1.2625423369683153
1942 0.004333772872974471 2602.6052686280286 1.3370043459835639
1952 0.00452632393391231 2746.2990078111361 1.4108223606069339
1962 0.0047006568144344757 2881.3630306855398 1.4802071373711394
1972 0.0048462704083370653 3000.9708049377691 1.5416517659194218
1982 0.0049543020752931995 3099.0528243831031 1.5920382336031611
1992 0.0050177640900720358 3170.4944957794237 1.6287390834372055
2002 0.0050318414628592193 3211.3829961465317 1.6497442290697557
2012 0.0049943443601360039 3219.3660997324528 1.6538452905397649
2022 0.0049054745504470993 3193.5828883675545 1.6405999989606641
2032 0.0047675188380581126 3134.5386676035646 1.6102679387292325
2042 0.0045845701222442508 3043.987437636883 1.5637501707607415
2052 0.0043626804628160995 2925.0941039110107 1.5026725629436473
2062 0.0041097061829592062 2782.3950648011 1.4293655433362507
2072 0.0038344722914515936 2621.2882974932222 1.3466021482665309
2082 0.0035462348905362733 2447.6968287269201 1.2574251413020581
2092 0.0032542905370896574 2267.8136423312517 1.1650159677406893
2102 0.0029680071550531426 2088.1277243189779 1.0727081344359866
2112 0.0026963653359457248 1915.1036228233718 0.98382259407070682
2122 0.0024472696648756473 1754.6776013887288 0.90140891019307479
2132 0.0022272314758376415 1611.9944528392102 0.82811005384752967
2142 0.0020412387309087167 1491.267555520921 0.76609051199178246
2152 0.0018928052945907316 1395.7652144961023 0.71702927072675671
2162 0.0017837997471836723 1327.634222564842 0.68202917547363162
2172 0.0017143172695652852 1287.7479850369643 0.66153890998369147
2182 0.0016827649753348372 1275.7103462225139 0.65535496207414745
2192 0.0016860505336521007 1289.9411584812387 0.66266558196189596
2202 0.0017198080730587433 1327.7977448354682 0.68211317975546704
2212 0.0017786287292816147 1385.7087878605867 0.71186310654549489
2222 0.0018563229671300205 1459.3423535669183 0.74968997124385506
2232 0.001946224060162159 1543.8172248893568 0.79308620633410409
2242 0.0020414833709267973 1633.9202685755633 0.83937373308544672
2252 0.0021354264899049818 1724.3853930798393 0.88584726715537554
2262 0.0022218504756167986 1810.1397897244301 0.92990081702829053
2272 0.0022952133020157613 1886.474532697707 0.96911532425112834
2282 0.0023508279526186747 1949.2274974805914 1.0013526318633961
2292 0.0023849716336098417 1994.9040758873402 1.0248174978481157
2302 0.0023951693362051357 2020.9502005929953 1.0381978526592193
2312 0.0023803178123743642 2025.9025015075556 1.040741937206038
2322 0.0023405066917502469 2009.2845461545039 1.0322049997010649
2332 0.0022768795289279972 1971.5303586910952 1.0128100060283345
2342 0.0021915093587818566 1913.9149755393519 0.98321196494314278
2352 0.0020874018724840885 1838.5923337333327 0.94451739198598472
2362 0.0019685406794053562 1748.6711313006153 0.89832328030189212
2372 0.0018394787327405092 1647.886612854533 0.84654849109564956
2382 0.0017049412776988517 1540.2646796348972 0.79126120102047859
2392 0.0015696328079253532 1429.9540205722546 0.73459266493747433
2402 0.0014380628074901031 1321.0667436029632 0.67865534540418881
2412 0.0013145648668801357 1217.6901083307398 0.62554893995032568
2422 0.0012030689269040024 1123.6684692208942 0.57724836144091962
2432 0.0011067854304434108 1042.2916167114383 0.53544363339433398
2442 0.0010280718016457326 976.14133959739024 0.50146106636597987
2452 0.00096839985911530819 927.02802452082335 0.47623068798530233
2462 0.00092838402122165701 895.98398922873378 0.46028281813246413
2472 0.00090782009479527443 883.26801934144476 0.45375039955649471
2482 0.00090567939614624076 888.32751920727299 0.45634955410008077
2492 0.00092016229569009272 909.81874822809016 0.46738997845782743
2500 0.00094208848383331282 937.48758904771046 0.48160395122968036
