# ell Cl ell_ellplus1_Cl_over_2pi quadrupole_normalized
80 0.53779203995951108 554.63785461739621 1080
82 0.52870439390835888 572.6971160358047 1115.1652923966674
84 0.52000482485203592 590.91595551081457 1150.6413178233558
86 0.51141934912506803 608.99677203239798 1185.8485826732831
88 0.50287622202790183 626.83597226109248 1220.5853682832023
90 0.49421520600898433 644.19913456770064 1254.3952049811908
92 0.48565560256873203 661.33165463542571 1287.7559312985586
94 0.47733598604773753 678.41550853761294 1321.0218940538234
96 0.46935273266095795 695.60460703660726 1354.4927908279356
98 0.46150807489923934 712.62442913406858 1387.6340697944393
100 0.45354372719274216 729.0556335195746 1419.629182620966
102 0.44548582312553026 744.88875131676093 1450.4596913549167
104 0.43750542317674568 760.37216595074881 1480.6092523080583
106 0.42990834549070656 776.04275795971319 1511.1232881402434
108 0.42250907264143228 791.60116405473059 1541.4188737060899
110 0.41509112672796522 806.63905480507162 1570.70090318742
112 0.40743703967719586 820.68615233461333 1598.0536437290305
114 0.39987822571158593 834.35443692685169 1624.6687534564408
116 0.39266726861616658 848.18128212278293 1651.5926150127473
118 0.38570313592531796 861.9900846270732 1678.481343541602
120 0.37862968906058181 874.98662165472126 1703.7884153056498
122 0.37132628569966597 886.83079851904245 1726.8515923084003
124 0.3642504441208782 898.57000993146767 1749.7103788478894
126 0.35753301769255591 910.56415964348628 1773.0655854590859
128 0.35094048192331267 922.25980203007771 1795.8395336711715
130 0.34405477322178818 932.52904402992533 1815.8359714683827
132 0.33717980763836858 942.12225384076305 1834.5160282107263
134 0.33070937689080249 952.14963994752418 1854.0415202144636
136 0.32446017017075174 962.14604457290727 1873.506684565464
138 0.31798895359407076 970.79169396318491 1890.3416359914552
140 0.31138849641301863 978.29502373091464 1904.9522437631481
142 0.30522589500604669 986.42913124186089 1920.7911123846959
144 0.29929480901322986 994.60310442466186 1936.7076081015537
146 0.29313425841119001 1001.2831305217372 1949.7150653545718
148 0.28687576442388374 1006.8435113391872 1960.5423308086913
150 0.28105423756334952 1013.1610273432154 1972.8439024153699
152 0.27544522131630905 1019.5074239832529 1985.2017108739515
154 0.26949912667229714 1023.8348606903289 1993.6281671728389
156 0.26364444642367746 1027.6920807079021 2001.1390097601209
158 0.25823691638260815 1032.5062044487076 2010.5131510971858
160 0.25283505293990527 1036.5810723885122 2018.4478013168771
162 0.24712741235000699 1038.5888894694299 2022.3574559308536
164 0.24174293476426917 1041.1222166639423 2027.29039252596
166 0.23672514664187599 1044.4534411084999 2033.7770078375027
168 0.2313883250079678 1045.5807050795374 2035.9720348782737
170 0.22607628582106198 1045.9722748123668 2036.7345059356223
172 0.22123224711436193 1047.7148807966548 2040.1277371176689
174 0.21633209972444398 1048.4033359770906 2041.4683084268224
176 0.21117968407085091 1047.0277727855521 2038.7897890389124
178 0.20645872190855505 1046.9511045510158 2038.640499385114
180 0.2019167168149793 1046.9922996406065 2038.7207151446182
182 0.1970029039208091 1044.2758564655094 2033.4312120847731
184 0.19242598679682929 1042.4936191328618 2029.960810086
186 0.18814109392308009 1041.4977768290628 2028.0216894883897
188 0.18351406072912788 1037.7891605992386 2020.8002106533879
190 0.17909716840969184 1034.4174051592952 2014.2346727175564
192 0.17504421819960439 1032.3487582313869 2010.2065692198566
194 0.17068827808100534 1027.6853608672143 2001.1259247752387
196 0.1664520340014907 1022.8961303308351 1991.8002558973767
198 0.16263225626922581 1019.8706306175287 1985.908952836887
200 0.15848527082388822 1013.993313206958 1974.4645432089233
202 0.15448477537578134 1008.2151630671663 1963.2132337300927
204 0.15087967070466349 1004.2339228255839 1955.4608969122694
206 0.14690759681565949 997.01559593590093 1941.4052514564876
208 0.14318565103294514 990.67054644904192 1929.0500661968465
210 0.1397472374811505 985.51925338158628 1919.019383172714
212 0.13595443126888224 977.07738961043128 1902.5812464733415
214 0.13253264640147766 970.49931886684988 1889.7723183702124
216 0.12921336562140354 963.92014198369714 1876.9612363738231
218 0.12562810167004818 954.56946384790319 1858.7534413187527
220 0.12249014199616215 947.84260095723835 1845.6547826869332
222 0.11925030147732955 939.58798544280148 1829.5812588887034
224 0.11593155038642562 929.93439693706114 1810.7836317534413
226 0.11302874439003836 922.87595561949774 1797.0393181269812
228 0.1098489718577173 912.82275442066714 1777.463558549181
230 0.10685856745343014 903.58558776125426 1759.4767949175357
232 0.10408273181373677 895.45284371835635 1743.6405812635132
234 0.10103165014170856 884.22196221782701 1721.7716231323761
236 0.098380024042088662 875.7646377919931 1705.3033811906112
238 0.095610353209016771 865.56544894846411 1685.4433520575296
240 0.092836976525988296 854.61282132287215 1664.1162144718719
242 0.090388877347664875 845.97350888776759 1647.2936024697588
244 0.087653104801078574 833.95640090719826 1623.8936911384851
246 0.085251450645354387 824.4303471670579 1605.3444018072535
248 0.082796270324360224 813.73300883353329 1584.5143677516512
250 0.080305020878513447 802.00404950155803 1561.6755442327058
252 0.078122642952190124 792.71690719808214 1543.5914672007243
254 0.075669377544839739 780.0351802419292 1518.8973988124544
256 0.073555256250907447 770.20606311418862 1499.757979442526
258 0.071325642488151417 758.55188878436638 1477.0647785161475
260 0.069157183666889235 746.91517983284086 1454.405586463133
262 0.067186766743561527 736.81916462686434 1434.7464587428005
264 0.065001097349377548 723.7534066305833 1409.3045987642427
266 0.063176757762835212 714.11863099199149 1390.5436043549137
268 0.061115985606148317 701.23248303434332 1365.4514840129648
270 0.059300840318289971 690.58005994685504 1344.7089096670006
272 0.057460042507634791 679.07481760428948 1322.3057115684101
274 0.055596181362756465 666.72747354703552 1298.2627590890249
276 0.053970243723548798 656.69447444721357 1278.7263373724031
278 0.052118676121737019 643.37251882974351 1252.7856051503074
280 0.050602503689580781 633.66028465638237 1233.8737822015009
282 0.048862846044716406 620.63238640896896 1208.5056433518503
284 0.047370199419112968 610.22296073328528 1188.23623758348
286 0.045797489927186137 598.28723560131789 1164.9947962804572
288 0.044301655842907781 586.85447569141854 1142.7327371730619
290 0.042880440686172985 575.93087145960715 1121.4621144195996
292 0.041406942126751702 563.8242654642612 1097.8879310743368
294 0.040114567247469861 553.72175851595023 1078.2161625260067
296 0.038671892954156878 541.08279275180519 1053.6053594377595
298 0.037486034357289783 531.59034311571804 1035.1215045734964
300 0.036102724021316923 518.85720693288135 1010.3273312891109
302 0.034985603717752958 509.51746562982595 992.14083261556095
304 0.033693906319252516 497.21579759095908 968.18682123431267
306 0.032605928195154101 487.5021118681799 949.2721718044819
308 0.031429598727553604 476.06709397552976 927.00571591574464
310 0.030369573096357089 465.99461882401249 907.39242577862854
312 0.02928032051814165 455.08748202162701 886.15386867599034
314 0.028267472836706883 444.98699331433937 866.486030079947
316 0.027262700193254642 434.64565666050436 846.34920838059463
318 0.026280979851544962 424.30630767074155 826.21625709358455
320 0.025366016542954423 414.69367715686326 807.49838403720969
322 0.024417230840659762 404.18010716822459 787.02618674089911
324 0.023576702319989949 395.12231979822832 769.38871342717414
326 0.022675812731013986 384.72317313153246 749.13932311504152
328 0.021886447784889046 375.89379238332901 731.94660695137884
330 0.021046020692015142 365.87442957666502 712.43673805023479
332 0.020309225588240099 357.35166708641162 695.84107402758491
334 0.019505573438683733 347.35225930078451 676.37006187330826
336 0.018834145024551288 339.41827355992643 660.92087367096747
338 0.018076557497603934 329.64937526571242 641.89871340924299
340 0.017436945424342102 321.75391201468517 626.52453683596957
342 0.016745557051399788 312.63669929118618 608.77134949146091
344 0.016139949187989066 304.85956978569084 593.62759434382679
346 0.015490161591039945 295.99314519951042 576.36274580643214
348 0.014932309714212623 288.63686024638781 562.03846612874418
350 0.014325146326403372 280.08790767124742 545.39180433981767
352 0.013796096590539099 272.83100754568108 531.26104844141594
354 0.013246752435003924 264.94831795024788 515.91174494149425
356 0.012736463868022423 257.62453067635425 501.65074528206526
358 0.01223867997782933 250.34111699892657 487.46836175714674
360 0.01175739239126952 243.18727531772825 473.53828296542076
362 0.011297163400715895 236.26790891208748 460.06477830669701
364 0.010845449605440122 229.33056469499255 446.55626695629354
366 0.010432110272980405 223.01776051171029 434.2638702848692
368 0.0099904922222710246 215.91419853500938 420.43169696498421
370 0.0096291780688886938 210.37056984551725 409.63705153137681
372 0.0092095096791034968 203.38007914130753 396.02505246262496
374 0.0088711745779515971 198.01775273697976 385.58344183604959
376 0.0084920176088643558 191.58443070527352 373.05637081772602
378 0.0081774034000051225 186.45179293898704 363.0620137044466
380 0.0078179950467097883 180.14578076652793 350.78284254878525
382 0.0075363874264649583 175.48721626218099 341.71160872871832
384 0.0072104929823522089 169.65905514403158 330.36291704602854
386 0.0069272978446665171 164.69570067423075 320.69819116632334
388 0.0066560079530292296 159.88778672796417 311.33614164384733
390 0.0063765184788381439 154.7551528882891 301.34179217653059
392 0.0061301782789126682 150.3044552668288 292.67532018735676
394 0.005875112830415443 145.52233701475672 283.36350046708077
396 0.0056546409343320109 141.48514918896299 275.5022215883339
398 0.005404166384344153 136.5855673850638 265.96167489798694
400 0.0052160477692251347 133.15762965445168 259.28673787693754
402 0.0049882719901561704 128.61788289354087 250.4468679312306
404 0.004795766933481784 124.88623958928252 243.18055039619844
406 0.0046126218816508564 121.30771697864961 236.21239200724466
408 0.0044202999520737331 117.39655247149712 228.59650781802256
410 0.0042557375547260896 114.13547433137902 222.24648255017078
412 0.004081265870048886 110.5254487068066 215.2169809716539
414 0.0039351396130058117 107.60407402563406 209.52843189517085
416 0.0037674849356678342 104.01621388014406 202.54209130397157
418 0.0036362715241782806 101.36003255544752 197.36993111549839
420 0.0034949389841005393 98.353793650255355 191.51613301899593
