# ell Cl ell_ellplus1_Cl_over_2pi quadrupole_normalized
80 1.0203698806047776 1052.3319786165866 1080
82 1.0051557714062165 1088.7933183147763 1117.4199850182376
84 0.99416749201860433 1129.7384281984775 1159.4416279721377
86 0.98687111285064499 1175.1634410513627 1206.0609599681202
88 0.98279458205440196 1225.0549347724454 1257.2642060099299
90 0.98151948658421062 1279.3900230730412 1313.0278780802091
92 0.98267424279826299 1338.1366950573097 1373.3191236493285
94 0.98592791714256278 1401.2536428016317 1438.0955487214626
96 0.99098540529774637 1468.6907425104944 1507.3057116410744
98 0.99758294358445498 1540.3890296848363 1580.8890976083862
100 1.0054843548150327 1616.2808332308141 1658.7762563141459
102 1.0144780205249546 1696.2902672083396 1740.8893066172677
104 1.0243737894727885 1780.3329416786096 1827.1416397899366
106 1.0350008739390404 1868.3166798857351 1917.4386555554497
108 1.0462055508626442 1960.1414159601568 2011.6776571020405
110 1.0578493168373206 2055.6993828949489 2109.7480440014742
112 1.0698075218408143 2154.8758049434305 2211.53202281125
114 1.0819675872796055 2257.548421025776 2316.9041179505675
116 1.0942281323866887 2363.5884486460318 2425.7321609607502
118 1.1064976881808963 2472.8604645293576 2537.8771680041882
120 1.1186936953661202 2585.2225682656913 2653.1935078105389
122 1.1307419303147013 2700.5272925682675 2771.5298358678606
124 1.1425753234347706 2818.6209139817051 2892.7283870077586
126 1.1541337158764853 2939.3447461038973 3016.6263026288061
128 1.1653630215378106 3062.5348880996071 3143.055372598028
130 1.1762146390031267 3188.0223681027787 3271.8421824235652
132 1.186645282978205 3315.6342793456188 3402.8092792549746
134 1.1966161451032995 3445.193004284567 3535.7743756098434
136 1.2060928924152754 3576.5175898605912 3670.5517607925676
138 1.2150450635043919 3709.423368670843 3806.9519121058156
140 1.2234457901791411 3843.722366510488 3944.7819131074889
142 1.2312717674093747 3979.2244358041735 4083.846616842487
144 1.2385025541808363 4115.7362177026007 4223.947580650618
146 1.2451207614049664 4253.0628136557034 4364.8847816889502
148 1.2511116113259855 4391.0074117080412 4506.4562334017228
150 1.2564627487980649 4529.3716274382605 4648.4583354238284
152 1.2611642726859293 4667.9566003043037 4790.6869987512391
154 1.2652081897354035 4806.5619606149376 4932.9365855520455
156 1.2685887066417014 4944.9877863009369 5075.0019173852697
158 1.2713018099631281 5083.0339244331408 5216.677578880207
160 1.2733451381612171 5220.5002964900495 5357.7582310301432
162 1.274718093511358 5357.1881667724374 5498.0399129562657
164 1.2754214242221897 5492.8992305886177 5637.319106119392
166 1.2754574394803087 5627.4372644827845 5775.3944279362922
168 1.2748296605008802 5760.6073912195798 5912.0658774391504
170 1.2735428160186348 5892.2167422561988 6047.1355151654552
172 1.27160292670252 6022.0755615347161 6180.408595971353
174 1.2690169137923559 6149.9960825320259 6311.6924165568626
176 1.2657927986368522 6275.7940973151981 6440.7979257750012
178 1.2619395116484273 6399.2886974378971 6567.5394587158244
180 1.257466846562741 6520.3026583031105 6691.7351311748562
182 1.2523854618205448 6638.6630589634551 6813.2074757492537
184 1.2467066467276915 6754.2006450324252 6931.7827879986517
186 1.2404425269957333 6866.7514747122232 7047.2928157505212
188 1.2336058379201418 6976.1562790281805 7159.574102513815
190 1.2262098613276169 7082.2606197419509 7268.4681495440291
192 1.218268505413491 7184.9158555004888 7373.8224073942647
194 1.2097961435954203 7283.9787265097521 7475.4898496691376
196 1.2008076852745979 7379.3122559734738 7573.3298981642638
198 1.1913183966370215 7470.7851462943127 7667.2078031922738
200 1.1813439439979472 7558.2724727937293 7756.9953555420398
202 1.1709004258533791 7641.6563439056508 7842.5715640302242
204 1.1600041760912145 7720.8250707968564 7923.82180328923
206 1.148671836448856 7795.6740180625266 8000.6386868293403
208 1.136920310313003 7866.1056953789803 8072.9221611011835
210 1.1247667256427376 7932.0298824039164 8140.579633679874
212 1.112228399358945 7993.3637392587289 8203.5260866521385
214 1.0993227641233394 8050.0316168486943 8261.6838819494151
216 1.0860674382794195 8101.965878495449 8314.9836045827906
218 1.0724801355439908 8149.1065642507792 8363.3637181308804
220 1.0585786188308948 8191.401324539519 8406.7704966380661
222 1.044380704447208 8228.805713446658 8445.1583256127378
224 1.029904249018746 8261.2833479910587 8478.4898654886456
226 1.0151671231563129 8288.8059488958515 8506.736093467247
228 1.0001871318842566 8311.3529168507466 8529.8758686390502
230 0.98498204727469874 8328.9117880872636 8547.8963995368831
232 0.96956960596241937 8341.4784154171266 8560.7934299341669
234 0.95396743622391456 8349.0565299753762 8568.5707890653321
236 0.93819303303735424 8351.6576638100832 8571.2403121802472
238 0.92226377545033289 8349.3014307920075 8568.8221288395998
240 0.90619692711480149 8342.0156659119857 8561.3448058746853
242 0.89000955317578312 8329.835779990497 8548.8446851309454
244 0.87371851505761389 8312.8047760204772 8531.3659002404565
246 0.85734050607731116 8290.9736516514677 8508.9607896882462
248 0.84089200790490803 8264.4010535243797 8481.6895420587844
250 0.82438924479438336 8233.1528646364968 8449.6197725519414
252 0.80784818052100449 8197.3021770413052 8412.8264949650456
254 0.79128454402864246 8156.929552622265 8371.3923893229421
256 0.77471379218374692 8112.1226453581421 8325.4074142118861
258 0.75815106096591323 8062.9756594915998 8274.9682507022444
260 0.74161118957399874 8009.5895416272406 8220.1784994972077
262 0.72510872506851731 7952.0719773263199 8161.1486774379591
264 0.70865787940263025 7890.5368565777017 8097.9956689207474
266 0.69227250897643722 7825.1039447051671 8030.842388151651
268 0.6759661306198913 7755.8989439584175 7959.8178423569434
270 0.65975192657382209 7683.0534366454885 7885.0570734203302
272 0.6436427018192078 7606.7042637870481 7806.7005202007704
274 0.62765086496427047 7526.9931353157899 7724.8936184831855
276 0.61178846720662272 7444.0669195981536 7639.7870981123187
278 0.59606718111490997 7358.0772237939082 7551.5365523190876
280 0.58049826593790643 7269.1797760293293 7460.3018036497924
282 0.56509257595130302 7177.5343096817405 7366.2467852082618
284 0.54986056906597369 7083.3044521772599 7269.5394265298482
286 0.53481230909072042 6986.6575325453487 7170.3514560761869
288 0.51995742090439678 6887.7637600889257 7068.8575583108213
290 0.50530510941297135 6786.7962026576342 6965.2353514012229
292 0.49086418320570285 6683.930841632071 6859.665443648677
294 0.47664301135490544 6579.3457225547636 6752.3305617875549
296 0.46264953916704765 6473.2208742559997 6643.4154679847989
298 0.44889128129759714 6365.7379164792637 6533.1065571490017
300 0.43537533521341221 6257.0799439653438 6421.5917379668417
302 0.42210837535418139 6147.4311367235514 6309.0600329275121
304 0.40909662194034763 6036.9759814287254 6195.7007792486165
306 0.3963458936929844 5925.8997029358397 6081.7040717362006
308 0.38386158027011807 5814.387532979933 5967.2600122572685
310 0.37164863901584155 5702.6243116807009 5852.5583007670884
312 0.35971161360803355 5590.7944173421929 5737.788163263177
314 0.3480546185010705 5479.0811718704754 5623.1377415701445
316 0.33668137500675122 5367.6670428036959 5508.7943006815503
318 0.32559517126250487 5256.7326520626175 5394.9432114484098
320 0.31479888530010453 5146.4567599299207 5281.7679341372705
322 0.30429501490300359 5037.0163814583184 5169.4501378989453
324 0.29408563761575718 4928.585761358021 5058.1686487036168
326 0.28417245083664988 4821.3366506114899 4948.099733228365
328 0.27455675348064079 4715.4376217024856 4839.4163960821552
330 0.26523946897914258 4611.0540721258503 4732.2883834078957
332 0.25622115564443976 4508.3480270840664 4626.8819803914757
334 0.24750197953872893 4407.4772805036509 4523.359129693672
336 0.23908176763658101 4308.595941312029 4421.8779920897941
338 0.23095998406441676 4211.8536379676143 4322.5921300851805
340 0.22313574462160066 4117.3953920899303 4225.6503782227983
342 0.21560783670097175 4025.3616049082239 4131.1968291755566
344 0.20837470258060531 3935.887371331894 4039.3701297822045
346 0.20143448211715106 3849.1029007714328 3950.3039129325434
348 0.19478498985250989 3765.1327202676857 3864.1259797452744
350 0.18842373807340027 3684.0957397622733 3780.9583665545201
352 0.18234795518988653 3606.1052495434437 3700.9173422885219
354 0.17655457125082047 3531.2682794406151 3624.1127508160594
356 0.17104025396127237 3459.685954448441 3550.6483759206208
358 0.16580139869508087 3391.452952810409 3480.6213851358771
360 0.16083414773399118 3326.6575498935977 3414.1223747740028
362 0.15613440537487344 3265.3815970136247 3351.2353481938835
364 0.15169782936706802 3207.7000158945966 3292.0371969693565
366 0.14751986638886308 3153.6812180985239 3236.5981313463071
368 0.14359574255777746 3103.3865977380428 3184.9811596177396
370 0.13992048336864413 3056.8706496793452 3137.2422094345134
372 0.13648892472181895 3014.1809150623235 3093.430071893094
374 0.13329571668903076 2975.357776616062 3053.5861914694633
376 0.13033534519794113 2940.4346600103372 3017.744872664568
378 0.12760213319700045 2909.4377950591588 2985.9330349294064
380 0.12509025548457106 2882.386290336186 2958.1702892422345
382 0.12279375229770186 2859.2921974048786 2934.4690040274672
384 0.1207065325477643 2840.1603485210435 2914.8341385910821
386 0.11882239438198738 2824.9886084511609 2899.2635015597775
388 0.11713502739028278 2813.7677133075276 2887.7475854787563
390 0.1156380285391809 2806.4814437018622 2880.2697445178997
392 0.11432491184961623 2803.1066662603971 2876.80623707838
394 0.11318911638478593 2803.6133460580018 2877.3262385537064
396 0.1122240217997398 2807.9647587380027 2881.7920590266135
398 0.11142295219672969 2816.1174292482688 2890.1590803943973
400 0.1107791939420829 2828.0214317419659 2902.3760641546874
402 0.11028599835127634 2843.6203255824489 2918.3850857277739
404 0.10993659755591377 2862.8514380348647 2938.1218245807668
406 0.10972421120779066 2885.6459298884592 2961.5156315752533
408 0.10964205692209017 2911.9289704533439 2988.4897085650941
410 0.10968336108286043 2941.619938369985 3018.9613144856203
412 0.1098413649757029 2974.6325128194248 3052.8418589619614
414 0.11010933859945085 3010.8749845647262 3090.0372215284224
416 0.11048058542680238 3050.2503393077914 3130.4478371769319
418 0.11094845330792492 3092.6565204200792 3173.9689659954997
420 0.11150634201581433 3137.9866152772611 3220.4908844020047
