# ell Cl ell_ellplus1_Cl_over_2pi quadrupole_normalized
2 1929.9394502608804 1842.9564202624454 1
12 63.597691215565916 1579.0143604855348 0.85678334176815529
22 19.710105866883236 1587.3021534549912 0.86128035150660387
32 9.7407129096391021 1637.0984349013554 0.88830013390562168
42 5.8893403112095397 1692.795625475323 0.91852178752781433
52 4.1143896433955494 1804.6989389666962 0.97924124473312224
62 3.2129357726039882 1997.3511068424202 1.0837755493740804
72 2.6328461281247071 2202.4241802340234 1.1950495171884685
82 2.435958035667666 2638.6505538535866 1.4317487515401102
92 2.3200310360673786 3159.2551507131816 1.7142321521977657
102 2.2655931957332087 3788.2572215680116 2.0555327190148893
112 2.2640837390737358 4560.4645416035955 2.4745373745485337
122 2.2373012978694069 5343.2998764918866 2.8993088592572236
132 2.2467130266141124 6277.5951952534051 3.4062635047872956
142 2.3093052009490656 7463.2131821560224 4.0495874455312553
152 2.3029951457060669 8524.0928748895622 4.6252275860520307
162 2.253282819944384 9469.7487396181878 5.1383465368484691
172 2.2556236863164365 10682.215330071198 5.7962387024593891
182 2.2345934934416443 11845.165668999769 6.4272630317069375
192 2.1760667514320646 12833.670439247771 6.9636320740672746
202 2.0825081962928733 13591.08906108613 7.3746122868986221
212 1.9629733052166962 14107.497747850783 7.6548189597678116
222 1.8631560322729657 14680.038551196132 7.9654832799061133
232 1.8001508337437204 15487.200951666802 8.4034547867720892
242 1.6470783306965167 15415.443533753947 8.3645187505620555
252 1.4976462461770896 15196.740093302711 8.2458488579662816
262 1.410219090783567 15465.492726833414 8.3916757644388902
272 1.2319365997063996 14559.284769664326 7.8999615018520171
282 1.1415897728061313 14499.924632886865 7.8677523100747067
292 0.99993550234914452 13615.782068567631 7.3880108714826163
302 0.87567376646776351 12752.99068178651 6.9198547190662421
312 0.79730274075022078 12392.026121167226 6.7239930282250224
322 0.68120958372068996 11276.109250430078 6.1184893611452349
332 0.58156266387135613 10232.905560415928 5.5524403333198276
342 0.51628547087684717 9638.9618459089015 5.2301626560091261
352 0.45867192730731171 9070.6761321162412 4.9218071748134644
362 0.40089306761644133 8384.2433205034868 4.5493443189012206
372 0.35012634518593833 7732.0863188782414 4.1954797378101629
382 0.31075244097834315 7235.9709935382925 3.9262843732940018
392 0.282152915881834 6918.0435533905274 3.7537749006595429
402 0.2619834088847256 6754.9948099224112 3.6653036043904228
412 0.24830537779509967 6724.399774716906 3.6487025416256564
422 0.23962016827635454 6807.6358832617807 3.6938669891566631
432 0.23479721904935733 6990.1214844499973 3.7928848493631619
442 0.23260153606039671 7248.6762912753093 3.9331783495146699
452 0.23223546574289625 7568.0729914676922 4.1064850520936158
462 0.23315503649595468 7937.5760539348039 4.3069797889222237
472 0.23454680335326966 8333.9864367207174 4.5220746107137577
482 0.23560259675351067 8729.6005860471578 4.7367373911120598
492 0.23555001534812173 9093.1695835062856 4.934012266123676
502 0.23405597570057637 9406.1427939611331 5.1038335418813956
512 0.23181453197854732 9690.5430501601204 5.2581509489953886
522 0.22865905887485108 9935.29427754682 5.390954538215281
532 0.22357797730626025 10089.926340484091 5.4748588895266659
542 0.21539558554451863 10089.184084198334 5.4744561364948545
552 0.20616490124525585 10016.10966695671 5.4348054879834713
562 0.19799359151903079 9970.4779113527893 5.4100454040757775
572 0.18934062370217866 9876.7619333493494 5.3591945120128521
582 0.17811928902273785 9618.8383003903782 5.2192434908583527
592 0.16667745008302975 9312.6521112606861 5.0531048964980529
602 0.15789025498805562 9121.9830547894326 4.9496466408524302
612 0.14904308596188376 8899.0544164318908 4.8286841287134861
622 0.1390645358938209 8576.596011659014 4.6537161255487902
632 0.13174113017274588 8388.074996318368 4.5514234108280585
642 0.12629806271034957 8297.7972996648405 4.5024381523265733
652 0.12032321483833716 8153.2420503616495 4.4240015448659333
662 0.11653623899536363 8140.529367175187 4.4171035612529232
672 0.11471944628875622 8257.3655501586527 4.4804996251527029
682 0.11268818569012928 8354.1755427134776 4.5330293493992686
692 0.11270563669702516 8602.1120927499924 4.6675613151639324
702 0.11412410370815966 8963.7543970321858 4.8637907540731247
712 0.11485619777143731 9279.9169665155059 5.0353425965406187
722 0.11733484295596099 9748.1594187714982 5.289413960956991
732 0.11976630945347952 10227.508627143605 5.549511922635241
742 0.12138197385195384 10650.427642164175 5.7789904986725107
752 0.12475360284238045 11243.099268518179 6.1005779327745095
762 0.12537618338856094 11601.514473226754 6.2950563267115376
772 0.12783733733222089 12141.564246060896 6.5880908048449038
782 0.12599300386283405 12278.210565441066 6.6622359760913898
792 0.12491803735880115 12486.584277845619 6.7753008918504287
802 0.1236919577843506 12678.02222446719 6.8791763522339728
812 0.12161807265229067 12778.057059387449 6.9334558966770334
822 0.11867679059162432 12777.843875500183 6.9333402217294751
832 0.11491243504878704 12675.219445488789 6.8776555463442701
842 0.11040183424880252 12471.999555903869 6.7673871279754954
852 0.10525061744877059 12174.003152062762 6.6056923637560185
862 0.099587428062900926 11790.784711682372 6.3977555747103949
872 0.093557621181798833 11335.222023292748 6.1505643316723466
882 0.087316631058436248 10822.968421827711 5.8726122347952598
892 0.081023069449903992 10271.766461350535 5.5735265079614784
902 0.074832227289421405 9700.700383760839 5.2636623834976062
912 0.068889908199581809 9129.3814518387371 4.9536610586476444
922 0.06332691279015798 8577.1117850560713 4.6539959875093802
932 0.058254660967616785 8062.1034548311691 4.3745491571000299
942 0.053761345874451298 7600.6871950411114 4.1241817285938529
952 0.049909906065370581 7206.7048039316442 3.9104043506928816
962 0.046736332226339827 6890.9026991454075 3.7390480986870607
972 0.044250000248705589 6660.5871368133203 3.6140773941170146
982 0.042434309343890912 6519.3196464710254 3.5374247458019896
992 0.041248989867917467 6466.8735644167346 3.5089671645604201
1002 0.040632808647991167 6499.2857112491693 3.5265542037741957
1012 0.040507294956132193 6609.1153511894581 3.5861484723812898
1022 0.040780827454054154 6785.8256129194406 3.6820325962743645
1032 0.041353114348605551 7016.3035967828109 3.8070914318113163
1042 0.042119825527039745 7285.4892644075217 3.9531533053668384
1052 0.042977046779959345 7577.0614911485227 4.1113622697977386
1062 0.043825653791981244 7874.1977358453678 4.27259030613651
1072 0.044575101056274762 8160.315975719941 4.4278399022359274
1082 0.045146624330150383 8419.7875255032832 4.568630833009208
1092 0.045476232232258357 8638.6804120170073 4.6874035202562307
1102 0.045515881779705933 8805.2197561808989 4.77776883890016
1112 0.045235415791444439 8910.430144850694 4.834856672075734
1122 0.044622156075286169 8948.3568666280662 4.8554359551018464
1132 0.04368054324170955 8916.2964450369964 4.8380397642648951
1142 0.042431611150080512 8814.9933379458016 4.78307204718954
1152 0.040909841496514381 8648.2794586215914 4.692612024645725
1162 0.039162176648078098 8423.1162870205571 4.5704370404054737
1172 0.037244632123418768 8149.0961950390911 4.4217519771187117
1182 0.035218875390604615 7837.8660447372349 4.2528764970042472
1192 0.033150363169346803 7502.8302592446889 4.0710839262147349
1202 0.03110393184630926 7158.2278533089193 3.8841004456793153
1212 0.029141484755538041 6818.600211155328 3.69981630394946
1222 0.027319690960532449 6498.2075273201108 3.5259691742438144
1232 0.02568673254174746 6210.1598600554316 3.369672658440332
1242 0.024281302662438695 5966.0218353348992 3.2372017969287148
1252 0.023131067891601367 5775.2556652901903 3.1336908468338978
1262 0.022251556675292328 5644.7308109091837 3.0628672218442086
1272 0.021646404666650035 5578.5511522076831 3.0269577136356118
1282 0.021307412969593827 5577.833373276324 3.0265682421736346
1292 0.021215383385395258 5640.6876885000611 3.0606733976361746
1302 0.02134147436192466 5762.3542094930799 3.1266904339889354
1312 0.021648749106622837 5935.4206055970699 3.2205973729708912
1322 0.022094140531329024 6150.1901447951614 3.3371327054599296
1332 0.022630531168865115 6395.1281771287395 3.4700376562447661
1342 0.02320899538309287 6657.4053744878665 3.6123509494271286
1352 0.023780858239766434 6923.4433640743855 3.7567048726461238
1362 0.024299901563915382 7179.5563646858636 3.8956734330502845
1372 0.024724353546307941 7412.5856650701617 4.0221166293311352
1382 0.025018104640240492 7610.3522607999976 4.1294260554008373
1392 0.025152373246612864 7762.2826438612556 4.2118644578453308
1402 0.02510687834715223 7859.9273991947193 4.2648471297413693
1412 0.02486965116541939 7897.0826602703728 4.2850078132318465
1422 0.024437564798693988 7870.1417478554567 4.2703895009816417
1432 0.023816719947211507 7778.4182192031212 4.2206197247439201
1442 0.023020907011214942 7623.8466784740622 4.1367482131717423
1452 0.022070654639533213 7410.8423949356156 4.0211707197505397
1462 0.0209932092585518 7146.4550299134753 3.8777124360302495
1472 0.019820296225833048 6839.7594710971234 3.7112974544037836
1482 0.018585994411479168 6501.2263742785481 3.5276072200083517
1492 0.017326411653881785 6142.6729200509881 3.333053810993666
1502 0.016077785508554841 5776.6396306665856 3.13444179534314
1512 0.014874125183607471 5415.5464239052999 2.9385103002783439
1522 0.013746467867947776 5071.3759723590792 2.7517612009712593
1532 0.012722077260251397 4755.3126990995797 2.5802632372730776
1542 0.011822806295283801 4477.0403195117015 2.4292708553977365
1552 0.011064389151439443 4244.3456678126586 2.3030092416445989
1562 0.010456531904597546 4063.0092036128794 2.20461491055458
1572 0.01000253043408058 3936.5092603257854 2.135975228196231
1582 0.0096992525772708182 3865.8570831930615 2.0976389027378879
1592 0.0095377418373154381 3849.6791405046956 2.0888606470447542
1602 0.0095038599311567176 3884.3306592409667 2.1076627838480415
1612 0.0095790567082521365 3964.0788161765013 2.1509346464155668
1622 0.0097413986668489667 4081.4155854306941 2.2146023316435675
1632 0.0099666406408987166 4227.4187599591969 2.2938245926386003
1642 0.010229412218048385 4392.1941354793571 2.383232770557802
1652 0.010504349719900802 4565.3302618562357 2.4771775456340484
1662 0.010767073504721961 4736.3204500967422 2.5699579208835925
1672 0.010995320451036713 4895.0849927091067 2.6561045822299065
1682 0.01116990854459614 5032.4544926859116 2.7306421559166698
1692 0.011275214680247602 5140.4633612643811 2.7892484622790787
1702 0.011299485435175857 5212.5832248406932 2.8283811638358753
1712 0.011235682716966891 5244.2178167748671 2.8455462967637981
1722 0.011081502099839389 5232.8367876825887 2.8393708772220498
1732 0.010838835452486107 5177.8469032653857 2.8095330124670213
1742 0.010513372870150146 5080.514988058384 2.7567200896345101
1752 0.010114938824576697 4944.2384771170991 2.6827755788240597
1762 0.0096566126699584431 4774.2280501194109 2.5905268283226897
1772 0.0091535139825023298 4576.9949587114133 2.483506885127337
1782 0.0086220230615504535 4360.0187271732211 2.3657741871901319
1792 0.0080797327705071659 4131.7632040885883 2.24192127315751
1802 0.0075443380010507804 3901.1422126024845 2.1167848407652223
1812 0.0070324227689486825 3676.8939199596425 1.9951062757284495
1822 0.0065587912331443914 3467.2006901886898 1.881325381364658
1832 0.0061363775167279574 3279.5943985238323 1.779529001590175
1842 0.0057755939134585006 3120.5542909212163 1.6932328169088422
1852 0.005483699706034466 2995.0922101371884 1.625156285415948
1862 0.0052646369338300181 2906.5720259303143 1.577124664465156
1872 0.0051191940345163061 2856.704668279805 1.5500663156608974
1882 0.0050450380243704787 2845.4732984817315 1.5439721022141824
1892 0.0050368434826102105 2871.113315023526 1.5578845400015842
1902 0.0050866683713323068 2930.2377361064964 1.589965830927905
1912 0.00518443646563908 3018.0369061366564 1.6376062249517946
1922 0.0053184458896945253 3128.5099767032011 1.6975496231526122
1932 0.0054759484690645724 3254.7561803514072 1.7660516247518838
1942 0.00564373866556397 3389.2925209241885 1.8390519079347181
1952 0.0058086929163370946 3524.3627777713514 1.9123418975199999
1962 0.0059584077754165337 3652.3270180275749 1.9817761168261738
1972 0.0060818052794550052 3766.0548312704582 2.0434855593243788
1982 0.0061694210167837502 3859.143293304468 2.0939959571886724
1992 0.0062136618495649458 3926.127322657258 2.1303419220830841
2002 0.0062090821066367969 3962.7124276687432 2.1501932352282291
2012 0.0061529014320498452 3966.1747082247884 2.1520718909131813
2022 0.0060448262861195643 3935.3284971677922 2.1353345385168594
2032 0.0058867321450701811 3870.3967747851066 2.1001021685764791
2042 0.0056823847347422336 3772.8963211729924 2.0471977957220036
2052 0.0054376039971415465 3645.8098471815924 1.9782398580333291
2062 0.0051601343848794012 3493.566646134474 1.8956317185389411
2072 0.0048587978466654363 3321.5287443185216 1.8022828471687469
2082 0.0045429414555884663 3135.6477326448007 1.7014226154074064
2092 0.0042220486929372856 2942.2141370920299 1.5964643030859327
2102 0.0039057744923720293 2747.8896028179847 1.491022561687418
2112 0.0036034304290860747 2559.3500173500329 1.3887197706962435
2122 0.0033232835858641369 2382.7743034909568 1.2929086533427845
2132 0.0030722250371981582 2223.5720766179506 1.2065245017032491
2142 0.0028556537940536103 2086.2546787834835 1.1320151989738267
2152 0.0026774961423064146 1974.4006359549303 1.0713224763468725
2162 0.0025399715128847557 1890.4325500492282 1.0257608531947935
2172 0.0024434712842379578 1835.4684273646844 0.99593696692149969
2182 0.0023866438039232231 1809.3234872605331 0.98175055436355751
2192 0.0023665893011963553 1810.5987240026802 0.98244250601695882
2202 0.0023790599705302649 1836.7808089656073 0.99664907361403665
2212 0.0024186769481308453 1884.3628503484451 1.0224673951216401
2222 0.0024792090862103115 1949.022280561609 1.0575520175805673
2232 0.0025538863810478261 2025.837551891877 1.099232477566338
2242 0.0026356960749107029 2109.5039518478034 1.1446304039828574
2252 0.0027177308947888782 2194.6039722979508 1.1908062220947304
2262 0.0027935256357973291 2275.8830814518337 1.2349087891767607
2272 0.0028572619233859279 2348.4317762451715 1.2742741773084054
2282 0.0029039634598688477 2407.8688622660834 1.3065251222398366
2292 0.0029296142246969504 2450.4691272909063 1.3296402998731507
2302 0.0029314363617862975 2473.4313410858681 1.3420997446774354
2312 0.0029080632696739418 2475.0697667123545 1.3429887649540262
2322 0.0028593695008153957 2454.7193007329229 1.3319464713025388
2332 0.0027863239148275456 2412.6538613204093 1.3091214934842772
2342 0.0026908672332351096 2350.0201239110752 1.2751360249616872
2352 0.0025759194225425056 2268.8806429810006 1.2311092210514136
2362 0.0024454350189317066 2172.3003572215707 1.1787041371885643
2372 0.0023039905499959326 2064.0168956045459 1.1199488348783748
2382 0.0021563791949936705 1948.099182882796 1.0570511388464507
2392 0.0020074085304493529 1828.7728725810407 0.99230391585744349
2402 0.0018617317579264156 1710.2673806011746 0.92800207416604286
2412 0.0017238662174048681 1596.8286494688734 0.86644948947923461
2422 0.0015979296316241415 1492.4690538808006 0.80982330209862807
2432 0.0014873153084495562 1400.6475282047193 0.76000035204590499
2442 0.0013945640405084497 1324.1211445320434 0.71847664436008885
2452 0.0013213202129359633 1264.8709675324412 0.68632711746505537
2462 0.0012683704944047253 1224.105143366568 0.66420731923343568
2472 0.0012356534491152536 1202.2350913465768 0.65234048842857228
2482 0.0012222392491952373 1198.8224141294791 0.65048874783417898
2492 0.0012263930723197193 1212.6071836672218 0.65796845239267299
2500 0.0012407581902091497 1234.6986767075105 0.66995543851855366
