# ell Cl ell_ellplus1_Cl_over_2pi quadrupole_normalized
2 1906.9212085421157 1820.9756185574922 1
22 20.076308674119041 1616.7933448495189 0.88787204417941701
42 6.3610432784037156 1828.3790146488445 1.0040656206573579
62 3.4905258213063037 2169.9175165888091 1.1916235969747555
82 2.6208577161169315 2838.9354672556697 1.5590189337650586
102 2.3350264070802833 3904.3552328074425 2.1441007737930748
122 2.3906745762363322 5709.5980680388102 3.1354610187267289
142 2.3778622153855551 7684.7757602255615 4.220142039196082
162 2.289120925004366 9620.3635879710673 5.2830820412587149
182 2.1715705591223871 11511.092782745933 6.3213876481578506
202 1.931711988411563 12606.94662407806 6.9231825487398924
222 1.7435439811009206 13737.600294830059 7.5440879904325486
242 1.5975135038595221 14951.553155788211 8.2107376965498666
262 1.3523072937570577 14830.389655569725 8.1442000125832532
282 1.0243674306208927 13011.022780868361 7.1450834642010195
302 0.87305138020029316 12714.799212641559 6.9824104634161666
322 0.65647553716455953 10866.68487085983 5.9675070660572622
342 0.45833205518061471 8556.9814411778698 4.699119172148162
362 0.34088708420782521 7129.2833168915413 3.915089935437515
382 0.28261666619700598 6580.8203869734025 3.6138981323574662
402 0.24938169846519231 6430.0716064170028 3.5311135090928132
422 0.23498948675491271 6676.077701343771 3.6662092744724974
442 0.23255708201112044 7247.2909478313331 3.979894554311695
462 0.23552641392812873 8018.3076950065715 4.403303159741573
482 0.23846286834989144 8835.5800147465052 4.8521132983349418
502 0.2375676617130201 9547.2689497096981 5.2429416695170703
522 0.23087742099885519 10031.682676172248 5.5089604572075306
542 0.21817022191681679 10219.14875852562 5.6119086133733314
562 0.20063479676335916 10103.482612898364 5.5483898356101875
582 0.18038565524753267 9741.2271240005193 5.3494549980395405
602 0.15991848815232101 9239.1626017918134 5.0737431669242925
622 0.14159459042063491 8732.6333178239802 4.7955794843324924
642 0.12722343340626691 8358.5942612095441 4.5901736278220495
662 0.11780047252874086 8228.8412115778065 4.5189189397804137
682 0.11341706846939968 8408.2115062068442 4.6174212441501608
702 0.11333029872374786 8901.4058423604838 4.8882619578464421
722 0.11616715125151682 9651.1477843742796 5.2999873727137281
742 0.12021101629760061 10547.684225584911 5.7923258928312213
762 0.12371552931011918 11447.848108488595 6.2866564449430387
782 0.12519260756147579 12200.210724000855 6.6998210188368139
802 0.12363118628995287 12671.79334451097 6.9587935254998552
822 0.11861444584891886 12771.13126231965 7.0133455561785363
842 0.1103410768651676 12465.1358469187 6.8453062852061182
862 0.099525633945171943 11783.468515725081 6.4709644630275163
882 0.087257256299546435 10815.608871502318 5.9394583657688038
902 0.074772373344581922 9692.9413579145494 5.3229385715734781
922 0.063269131103911705 8569.2857287993011 4.7058761476375857
942 0.053704035010560619 7592.5846830554956 4.1695147401644252
962 0.046679919876045042 6882.5851440786373 3.7796141112151518
982 0.042378628379603808 6510.7652005515783 3.5754268943530172
1002 0.040577262376463481 6490.4009922040123 3.5642437636509721
1022 0.04072525472078125 6776.5784519282106 3.7213998819469967
1042 0.04206386667634756 7275.8100313892191 3.9955559850674112
1062 0.043769744798428808 7864.1525127316727 4.3186478899488812
1082 0.045089514673096874 8409.1366477205174 4.6179292913223717
1102 0.045458842645079899 8794.1853195085423 4.8293811459567824
1122 0.044566132303992194 8937.1220733628779 4.9078757465421345
1142 0.04237337271037412 8802.8945407493338 4.834163868554513
1162 0.039107264421788197 8411.3056036722974 4.6191203868700974
1182 0.035164241839447719 7825.7074947901729 4.2975355710634942
1202 0.031048872955988082 7145.5566552039072 3.9240265396108631
1222 0.027268269042153924 6485.9764117646919 3.5618139779941904
1242 0.02423000886411943 5953.4187256482282 3.2693566377150622
1262 0.022200735617159621 5631.83862557263 3.0927589409648211
1282 0.02125762771275375 5564.8006382607682 3.0559446164737736
1302 0.021291636298052637 5748.8975676380869 3.1570425814883483
1322 0.022044151464300894 6136.2750406095993 3.3697733116660418
1342 0.023158532815814783 6642.9303935133639 3.6480062257921069
1362 0.024247716224083216 7164.1378829381147 3.9342305355045188
1382 0.024965394436393163 7594.3181437161829 4.170466680785168
1402 0.025056132257091801 7844.0408927898634 4.3076034697288348
1422 0.024384746503367829 7853.1315639635186 4.3125956679115074
1442 0.022966285383515233 7605.7576034124932 4.1767487306817905
1462 0.020943653595922245 7129.5854169782633 3.9152558355647016
1482 0.018538447382220807 6484.5948186141313 3.5610552675883609
1502 0.016027997723496841 5758.7512161124714 3.1624537733648164
1522 0.013699324188379363 5053.9836264773194 2.775426301688154
1542 0.011779603805797487 4460.6804737608099 2.4496102135043367
1562 0.010413749904390488 4046.3857511932661 2.2220977095776053
1582 0.0096563896768436727 3848.7731021437603 2.1135775036859705
1602 0.0094613862093479283 3866.9711883492409 2.1235710950443747
1622 0.0096985795470688491 4063.4753872310521 2.2314825886850604
1642 0.010185510234627366 4373.3439777178482 2.4016488376611247
1662 0.010722787997577688 4716.839729264073 2.5902816496799526
1682 0.011126483173022022 5012.8897661349092 2.7528593546496416
1702 0.011254780373903232 5191.9602633977129 2.8511970234453696
1722 0.011033494303505295 5210.1668499350462 2.8611952828134752
1742 0.010466627686568036 5057.9257002302375 2.7775911158200648
1762 0.0096152273930412268 4753.7671745854041 2.6105605841945088
1782 0.0085821218276239258 4339.8413133673139 2.3832506427544438
1802 0.007502371164323663 3879.4413558457022 2.130419164490982
1822 0.0065178687772353642 3445.567684604523 1.8921547600587707
1842 0.0057384570969549898 3100.4892631807547 1.7026528151084444
1862 0.0052295117478281805 2887.1796377520345 1.5855125177563598
1882 0.0050098990292734734 2825.6544047883613 1.5517255563403629
1902 0.0050512920056364581 2909.8587465280725 1.5979668903162758
1922 0.0052828394412937994 3107.564924075612 1.7065384579598639
1942 0.0056071502470121893 3367.3197010084382 1.8491843969200976
1962 0.0059194549119708879 3628.4500695281708 1.9925857504904385
1982 0.0061283458130368187 3833.4496185447379 2.1051625180909621
2002 0.0061692638046540937 3937.2998985049126 2.1621925402954556
2022 0.0060086506836405382 3911.7773027083545 2.1481766492882075
2042 0.0056469724724600096 3749.383869917775 2.0589972933783125
2062 0.0051216314464803785 3467.4989953067834 1.9041984746910585
2082 0.0045034208726804966 3108.3696733962638 1.706980391016216
2102 0.0038704252161643848 2723.0197828250912 1.4953631202279161
2122 0.0032931857085261389 2361.1943068227047 1.2966644268928507
2142 0.0028277679669112322 2065.8821331098179 1.1344919240304443
2162 0.0025119023067948715 1869.5413941535107 1.0266701954167241
2182 0.002358340466195178 1787.8666223379003 0.98181799037714756
2202 0.0023508794117719847 1815.0236821363919 0.99673145737897617
2222 0.0024507049855210521 1926.6138731224207 1.0580118994940806
2242 0.0026058070383001867 2085.5819824496652 1.1453102178829742
2262 0.0027614754689022892 2249.7718363429949 1.2354760895289629
2282 0.0028708090582303344 2380.3783471629613 1.3071994610496798
2302 0.0028999800296158648 2446.8897183918848 1.3437245910685054
2322 0.0028309844920379073 2430.3512612480977 1.3346423952525679
2342 0.0026634528027887783 2326.0782279904111 1.2773802154655109
2362 0.0024158822321898085 2146.0483698658149 1.1785157077313495
2382 0.0021251172497827276 1919.8567614839274 1.0543011899328807
2402 0.0018321390918572265 1683.0822765883775 0.92427502017937591
2422 0.0015724623000643871 1468.6825219299394 0.80653607163250984
2442 0.0013724359577932154 1303.1108062757141 0.71561134207166877
2462 0.0012474102344390693 1203.8763835968907 0.66111614638231997
2482 0.0012010877447783705 1178.0761505774008 0.64694778918052076
2500 0.0012192487081876507 1213.2942409373691 0.66628802086789862
