# ell Cl ell_ellplus1_Cl_over_2pi quadrupole_normalized
2 22.85899138723406 21.828728840240178 1
7 15.697524198206127 139.90695994515218 6.409304040061218
12 12.36766654366153 307.06654133001422 14.067083043514303
17 10.21219619547233 497.3483803261027 22.784120136636894
22 8.6379680721489365 695.63631037795119 31.867925772002824
27 7.4140877629281601 892.07146928628458 40.866853760251729
32 6.4259109392935887 1079.9875572888429 49.475512989924525
37 5.6078820442201982 1254.886139545182 57.487824816984386
42 4.9188270510779137 1413.8372847440844 64.769565607400182
47 4.331085004419764 1555.0914531847523 71.240586869081383
52 3.8250997695901052 1677.8074256292214 76.862351349395425
57 3.3864816482115518 1781.8523219734468 81.628771652918729
62 3.0042932040939152 1867.6465330064202 85.559106381105735
67 2.6699976673191181 1936.0417968901734 88.692374670996713
72 2.376780203396446 1988.2203274789811 91.082735143688069
77 2.1190977110330902 2025.6128428874567 92.795730695657369
82 1.8923671133395794 2049.8282230626337 93.905066028575931
87 1.6927463131692619 2062.5948686910906 94.489921231180418
92 1.5169746976013785 2065.7094893964777 94.632605705763552
97 1.3622567008844157 2060.9947925314514 94.416619841468275
102 1.2261731072902184 2050.261775738335 93.924927591696473
107 1.106614211280202 2035.2787957632818 93.23853947974041
112 1.0017273979642163 2017.7443969619283 92.435267840347933
117 0.9098764982333416 1999.2653917521129 91.588722659221759
122 0.82960918334014022 1981.3382538593851 90.767459175491993
127 0.75963096893897308 1965.334528167052 90.03430948961423
132 0.6987838502391519 1952.4888531905128 89.445833858689781
137 0.64602908322731223 1943.8907576924771 89.051944889663531
142 0.60043277069411982 1940.4787931024352 88.895638738489396
147 0.56115380806350112 1943.0371143565237 89.012838474342644
152 0.52743378278361686 1952.1945403074208 89.432351035881084
157 0.49858839618763995 1968.4257508207047 90.175922071651271
162 0.47400005216757174 1992.0541517747019 91.258367189135129
167 0.45311153033951801 2023.256751743319 92.687795361383834
172 0.4354204158817388 2062.0703133126135 94.465890726137459
177 0.42047426341280619 2108.3990834945516 96.588266725262656
182 0.40786624378165864 2162.0233132181361 99.04485639276227
187 0.39723138429332056 2222.6093714375352 101.82037569408374
192 0.38824304378410074 2289.7198677276629 104.89478725424809
197 0.38060991734021077 2362.825495343604 108.24384290247139
202 0.37407308759841934 2441.3160332121897 111.83958768646872
207 0.36840357812056251 2524.5132339856314 115.65095028950182
212 0.36339984094972433 2611.682198705003 119.64426411722594
217 0.35888571535109243 2702.04471464485 123.78387832019631
222 0.35470822637479327 2794.7903167594113 128.03266453186015
227 0.35073585878131047 2889.0895651832898 132.3526251266357
232 0.34685661726084027 2984.1044607147501 136.70537036557539
237 0.34297653260779426 3079.0010723015425 141.05269687649229
242 0.33901791692589012 3172.9587220614617 145.35700843066365
247 0.33491805927591667 3265.1815338890133 149.5818449982215
252 0.33062768771038825 3354.9064410971096 153.69224958773168
257 0.32610980587347438 3441.4131895073456 157.65522649964259
262 0.3213383034873814 3524.0305764657969 161.44002714301081
267 0.31629691475318705 3602.1446011177077 165.01852340926666
272 0.31097801041720785 3675.203262770835 168.3654274909394
277 0.30538165959637087 3742.7226683903359 171.45857167325349
282 0.29951455359311779 3804.2899095685007 174.27904013152985
287 0.29338915861381298 3859.56694077974 176.81134659865398
292 0.28702279130341701 3908.2918507425252 179.04349260767688
297 0.28043686759034991 3950.2806601279335 180.96704984697908
302 0.27365611213604157 3985.4269726068569 182.57714417432865
307 0.26670787408229285 4013.7014123884851 183.87242984985119
312 0.25962145903577466 4035.1496834936424 184.85500062903546
317 0.2524275597784158 4049.8905168285337 185.53029571574328
322 0.24515769387777947 4058.1122253893682 185.90694195204074
327 0.23784370332460522 4060.0687384843231 185.99657214119534
332 0.23051730441687726 4056.0750417453614 185.81361614920007
337 0.22320968335536653 4046.5020446276139 185.37506577882303
342 0.21595113601003901 4031.7709445632913 184.70021658480277
347 0.20877075961808508 4012.3473391170701 183.8103981446921
352 0.20169615532078111 3988.734415790907 182.72866207572625
357 0.19475321139558344 3961.466631770711 181.47949249650966
362 0.18796589750826562 3931.1027003687859 180.08848472761244
367 0.18135611795652284 3898.2189238869896 178.58203986211129
372 0.17494355955566812 3863.4016606145069 176.98701966980863
377 0.16874564233520625 3827.2413323768906 175.33047207593515
382 0.16277740871197641 3790.324555890697 173.63927068915814
387 0.1570515400878143 3753.2286412879171 171.93986277245
392 0.15157830949558537 3716.514300631698 170.25793521153136
397 0.14636565017292918 3680.7208112735107 168.61819294251734
402 0.1414191427171464 3646.3590543565015 167.04404003748581
407 0.13674214417325406 3613.9079754479808 165.55741756184727
412 0.13233580307022499 3583.8081810967669 164.17851022502944
417 0.1281992293497658 3556.4596265378914 162.92564045148313
422 0.12432954623824764 3532.2163673009582 161.8150279456261
427 0.12072207143712647 3511.3850394246997 160.86072006866638
432 0.11737040332734246 3494.2210187104156 160.07441588943985
437 0.11426662564021012 3480.9283314147096 159.46546209313809
442 0.1114013992871269 3471.6567031518412 159.04071778801955
447 0.10876417232891225 3466.5025825373314 158.80460139973914
452 0.10634330330587947 3465.5080738773918 158.75904177658299
457 0.10412625516544279 3468.6626126965575 158.90355494737975
462 0.10209972341271972 3475.9031237492991 159.23525136020035
467 0.10024982822737982 3487.1168661900147 159.7489662229753
472 0.098562246470413187 3502.1429135401481 160.43732730254644
477 0.097022384963157654 3520.7756614518453 161.29091561948721
482 0.095615511635757655 3542.7675157755716 162.29838859167356
487 0.094326903236906262 3567.8327822123329 163.44665822387287
492 0.093141974683760495 3595.6515217813039 164.72106773129636
497 0.092046411364013772 3625.8741350552432 166.10560154886915
502 0.091026276203865122 3658.1255804869129 167.58307857777501
507 0.090068116385707386 3692.0101269860916 169.13536990665506
512 0.089159060059955858 3727.1162530171778 170.74362324508903
517 0.088286904083043877 3763.0216966300054 172.38849427150618
522 0.087440186419650442 3799.2983441703841 174.05037059082278
527 0.086608248298520873 3835.5171080209589 175.70959518954552
532 0.085781283968871566 3871.2526478064169 177.34668271979058
537 0.08495039024407966 3906.0884318996577 178.94255137289431
542 0.084107590375534141 3939.6209538459898 180.47871603881461
547 0.083245861494312248 3971.4643509838224 181.93749989063153
552 0.082359133075492072 4001.25386997023 183.3021931443904
557 0.081442303796675913 4028.6503479223529 184.55725834551282
562 0.080491216758714734 4053.342800610475 185.68844893699625
567 0.079502660333977876 4075.05230623429 186.68298717981844
572 0.078474322591997173 4093.5335849593275 187.5296365133778
577 0.077404778227844112 4108.578166261862 188.21884665532619
582 0.07629343192915207 4120.015238858683 188.74279253786139
587 0.075140491287094477 4127.7139130455225 189.0954779481381
592 0.07394689501814794 4131.582932597561 189.27272233008793
597 0.07271427907939991 4131.5722277611749 189.27223192881607
602 0.071444898139412447 4127.6717820753402 189.0935478783438
607 0.070141579307083299 4119.9120234725006 188.7380641184038
612 0.068807643901949503 4108.362111520637 188.20894893096457
617 0.067446854848697738 4093.1293886160838 187.51111979872155
622 0.06606333355029978 4074.356696354359 186.6511204648566
627 0.06466150885729767 4052.2212598951728 185.63706982447388
632 0.063246037129933264 4026.9314675696223 184.47851439457961
637 0.061821743664079144 3998.72458430194 183.18632356321592
642 0.060393554994192918 3967.8635348292501 181.77254222493667
647 0.058966438660741194 3934.6337881995405 180.2502480559582
652 0.057545341967804642 3899.3398120614052 178.63338908096043
657 0.056135136607322313 3862.3015524363659 176.93662240727483
662 0.054740568596333555 3823.8509332024169 175.17515386206719
667 0.053366200011672221 3784.3274469767307 173.36453600543663
672 0.052016380603104019 3744.0755088277433 171.52054690082213
677 0.050695188645753626 3703.4393578912318 169.65895655197866
682 0.049406413850281709 3662.7606675307211 167.79541742158636
687 0.04815350702148756 3622.3735099362871 165.94523375353958
692 0.04693957628297013 3582.602508672539 164.12327693897547
697 0.045767343399804004 3543.7578361125734 162.34375634278035
702 0.04463914903023513 3506.1337210829402 160.62015093703289
707 0.043556922481102552 3470.0041179014052 158.96501089447889
712 0.042522187750559007 3435.6210567323942 157.38988201635442
717 0.041536059493698839 3403.212160443441 155.90519197662985
722 0.040599239334266513 3372.9781140954951 154.52013439635468
727 0.039712032849817232 3345.0918014381168 153.2426292854766
732 0.038874344699599481 3319.6956439919504 152.07920114304855
737 0.03808571480048005 3296.9024119978617 151.03501610777198
742 0.037345311874438993 3276.7925027968618 150.11375727734807
747 0.036651976436001155 3259.4155264007582 149.31769734535288
752 0.036004224164666317 3244.7885844288326 148.6476197572818
757 0.035400287577867819 3232.898031941721 148.10289942225285
762 0.034838134843080577 3223.6993875433341 147.68149859466871
767 0.034315502713375058 3217.1186711988703 147.38002816124924
772 0.033829924594716579 3213.0534903015341 147.19379739503796
777 0.033378765269307095 3211.3749462126175 147.11690129626822
782 0.032959248671665137 3211.9290981426684 147.14228765449855
787 0.03256849758724302 3214.5397918847334 147.26188663624285
792 0.032203554279376906 3219.0098648494713 147.46666598906054
797 0.031861425359479376 3225.1249496057321 147.74680528626911
802 0.031539099976931967 3232.654875948816 148.09176015735636
807 0.031233590785471464 3241.3575722396372 148.49044101296249
812 0.03094195352024167 3250.9810342165079 148.93130323848661
817 0.030661319944182294 3261.2668709933073 149.40250964047544
822 0.030388918943244497 3271.952838177046 149.89204649174823
827 0.030122102604550234 3282.7760893049622 150.3878724835927
832 0.029858365211534465 3293.4758642880447 150.87804188655664
837 0.029595363376760529 3303.796471022461 151.35084114160952
842 0.029330930982797262 3313.4898589392078 151.79490675750912
847 0.029063094432769217 3322.3183678906007 152.19935124055743
852 0.028790083992679263 3330.0571699318143 152.55387495551366
857 0.028510341120991375 3336.4963570877053 152.84886176867249
862 0.028222526866502725 3341.4432401289191 153.07548435752864
867 0.027925524829141457 3344.7240907101118 153.22578402019815
872 0.027618442444210373 3346.1857311904491 153.29274350698435
877 0.027300610340409537 3345.6969256909656 153.27035074636777
882 0.026971579438766078 3343.1495124591065 153.15365071997121
887 0.02663111541426939 3338.4592077481807 152.93878228923239
892 0.026279190549555798 3331.5660582973264 152.62299892404866
897 0.025915976447345637 3322.4349599146608 152.20469245968721
902 0.025541832352236966 3311.0555689196549 151.68338903985506
907 0.025157290545645764 3297.4417528217059 151.05972395163187
912 0.02476304520671541 3281.6313957957072 150.33543271407461
917 0.024359940205101318 3263.6859843785928 149.51333209848437
922 0.023948943883691225 3243.6883431396163 148.5972163967715
927 0.023531143023007555 3221.742791712606 147.59186461529006
932 0.023107720381241592 3197.9729900486604 146.50294176330397
937 0.022679935489582765 3172.5200526283775 145.33691246280884
942 0.022249111957760668 3145.5414221456849 144.10098935065039
947 0.02181661913901815 3117.2088318624164 142.80303973156683
952 0.021383845064792927 3087.7048486752933 141.45142721198053
957 0.020952195774038739 3057.2230261717355 140.05501871166666
962 0.02052306751659954 3025.9640542604629 138.62300807375684
967 0.020097829732304902 2994.1332601484405 137.1648015815243
972 0.019677818515409763 2961.9395287600978 135.68996850150566
977 0.019264318525210919 2929.5924020762081 134.20810820076937
982 0.018858543326298171 2897.2987639460789 132.72869827422349
987 0.018461637112733263 2865.2626526442118 131.26108595761391
992 0.018074654711794376 2833.6816759863282 129.81432389973057
997 0.017698550704452344 2802.7446718962374 128.39706299019653
1002 0.017334179924774692 2772.6310744920688 127.01752331912527
1007 0.016982287630465387 2743.5086043590691 125.68338836577361
1012 0.016643498342820147 2715.5306350165647 124.40168435326471
1017 0.016318320445367882 2688.8360347588841 123.17877300313286
1022 0.016007143841545311 2663.5478839173338 122.02029277157064
1027 0.015710231121587252 2639.7710646938913 120.93104843684733
1032 0.015427725086320948 2617.592525216427 119.9150231959923
1037 0.015159652436159259 2597.0809457983796 118.97536337575417
1042 0.014905919217318197 2578.2850017785886 118.11429885122986
1047 0.014666318828966095 2561.2337606225656 117.33316123754575
1052 0.014440542011298853 2545.9374941543733 116.6324210991647
1057 0.014228175875930069 2532.3866276753547 116.01163980776683
1062 0.014028712810098409 2520.5524410525391 115.4695016599421
1067 0.01384156246339208 2510.3884070567956 115.00387518805124
1072 0.013666057183020009 2501.8304415038906 114.61182461948451
1077 0.013501459266929401 2494.7975352165759 114.28963882759589
1082 0.013346974433864615 2489.193611014111 114.03291640259904
1087 0.013201761101662622 2484.9087229064044 113.8366205880756
1092 0.013064937342952209 2481.8199039086476 113.69511812037062
1097 0.012935594120282581 2479.793284727923 113.60227628814314
1102 0.012812804863166537 2478.6856389882641 113.55153372096181
1107 0.012695634898976439 2478.3459977466277 113.53597435219957
1112 0.012583150692131168 2478.6173241182055 113.54840413560856
1117 0.012474431619666238 2479.338789423939 113.58145531834182
1122 0.0123685763419986 2480.3470915569565 113.62764683688589
1127 0.012264712566764523 2481.4785298403999 113.67947936876277
1132 0.012162004919096095 2482.5708010222747 113.72951760918752
1137 0.012059662861385451 2483.4648942302488 113.77047708119882
1142 0.011956945917150933 2484.0065164875018 113.79528944023342
1147 0.011853170712281163 2484.0479615627532 113.79718808836613
1152 0.011747714793026212 2483.4493807298163 113.76976638931447
1157 0.011640022756772957 2482.0805956241074 113.70706071754921
1162 0.011529608073263082 2479.8220593704395 113.60359448870017
1167 0.011416056324224108 2476.5661536817793 113.4544375811913
1172 0.01129902583315341 2472.2179593419196 113.25524163296714
1177 0.011178251126348626 2466.6966671314417 113.00230467768736
1182 0.011053539745393283 2459.9355568202932 112.69257018235182
1187 0.010924774176200396 2451.8830975127439 112.32367745541002
1192 0.010791908863370539 2442.5029663016776 111.89396250133653
1197 0.010654968415271417 2431.7743135556693 111.40247017374709
1202 0.010514043859364358 2419.691567512999 110.84894522361824
1207 0.010369291610618118 2406.264833751668 110.2338505994833
1212 0.010220927142297134 2391.5190511158198 109.55832877941904
1217 0.010069219725373129 2375.493334118903 108.82417164575334
1222 0.0099144892589979137 2358.2407584854682 108.03381066048007
1227 0.0097571012062030952 2339.8276616567009 107.19028482058675
1232 0.0095974598208186067 2320.33247673189 106.29718723952776
1237 0.0094360000516870886 2299.8441695873571 105.35859354978604
1242 0.0092731849433527573 2278.4619352701939 104.37904799430933
1247 0.0091094994521709032 2256.2939793035271 103.3635075966568
1252 0.0089454424245621889 2233.4557696637075 102.31726208199731
1257 0.0087815178692570769 2210.0680175540988 101.245841373958
1262 0.0086182345234736574 2186.2566588121131 100.1550147428584
1267 0.0084560984175807846 2162.1510404653459 99.050707729692803
1272 0.0082956046845417911 2137.881823049735 97.938906048833047
1277 0.0081372312312555165 2113.5792664942996 96.825577062372105
1282 0.0079814387387424236 2089.3730941080371 95.716663549202266
1287 0.007828664312786459 2065.3906793498036 94.618000638789312
1292 0.0076793143999585234 2041.7549570085343 93.535220119856945
1297 0.0075337608132641414 2018.5830771539511 92.473688776269626
1302 0.0073923415698545544 1995.9863053819715 91.438503817156317
1307 0.0072553573744683153 1974.0687446371442 90.43443432207772
1312 0.0071230653782302627 1952.9252619971969 89.465826264563617
1317 0.0069956783116633323 1932.6408173223094 88.536571756738411
1322 0.0068733662756387823 1913.290515648687 87.650111449533014
1327 0.0067562560814094013 1894.9389895273864 86.809406236892755
1332 0.0066444268838958863 1877.6387204085761 86.016860356396137
1337 0.006537911857561386 1861.430019595063 85.274320516713246
1342 0.0064367007741762535 1846.3412836553684 84.583087598382278
1347 0.0063407420508497722 1832.3891243708797 83.943922606842847
1352 0.00624994089667677 1819.5773840742131 83.357001563916654
1357 0.0061641622211163968 1807.89751864658 82.821933053371879
1362 0.0060832345113766501 1797.3292994275691 82.337790376244087
1367 0.0060069532446415897 1787.8414224112587 81.903139458833806
1372 0.0059350819029933 1779.3914390014493 81.516035680521611
1377 0.0058673550495552899 1771.9263186364665 81.174049648278583
1382 0.0058034833294788556 1765.3836336576273 80.874321476898388
1387 0.0057431571996984926 1759.692417364945 80.613600097548485
1392 0.0056860501958083953 1754.7739258756053 80.388278159411954
1397 0.0056318219175239027 1750.5423536191934 80.194424807373835
1402 0.0055801230736891826 1746.9062314846899 80.027849732795943
1407 0.0055305993750311743 1743.7695276919837 79.884153605748736
1412 0.0054828951912856451 1741.0327251951026 79.758777432133172
1417 0.0054366566916770479 1738.593782686062 79.647046578408663
1422 0.00539153622767538 1736.3495381000823 79.544235067834464
1427 0.0053471954464190275 1734.1967603059927 79.445613759656368
1432 0.0053033087928158864 1732.0333709902386 79.346506325064666
1437 0.0052595661815090008 1729.759442626709 79.242334965377523
1442 0.005215675870857377 1727.2783016178296 79.128670948244945
1447 0.0051713671867715571 1724.4976228705282 79.00128475147406
1452 0.0051263923735286867 1721.3302711361941 78.856184605812103
1457 0.0050805287680987044 1717.6952799581359 78.689661341692513
1462 0.0050335801661146318 1713.5185884906541 78.498322143791896
1467 0.004985378160807569 1708.7337911565498 78.279124893731051
1472 0.0049357826254243769 1703.2826136837461 78.029399977878199
1477 0.0048846833239484678 1697.1157912683013 77.746890517039759
1482 0.0048319989107053624 1690.1930595309395 77.429751952168303
1487 0.0047776772475795811 1682.4835988588318 77.076572400187459
1492 0.0047216956250662875 1673.9664526162824 76.686391812720146
1497 0.0046640584564924693 1664.6300501568442 76.258680124707098
1502 0.0046047991848506588 1654.4732138835757 75.79338338903348
1507 0.0045439755299725186 1643.5037882286474 75.290860968455931
1512 0.0044816697871532286 1631.7390427566404 74.75190400224362
1517 0.0044179873369064402 1619.2054268599952 74.17772416848527
1522 0.0043530540672268424 1605.9379045571447 73.569923210401427
1527 0.0042870156663611901 1591.9799491193564 72.930492690193688
1532 0.0042200323904021718 1577.381838372396 72.261735894788842
1537 0.0041522789999910645 1562.200820424144 71.566275428017804
1542 0.0040839420733784302 1546.5002866839702 70.847015325650744
1547 0.0040152179783442075 1530.349158087123 70.107112937607269
1552 0.0039463099738373609 1513.8209088681078 69.349934205855092
1557 0.0038774231994709936 1496.9917330097128 68.578969667261745
1562 0.0038087655880855217 1479.9409383517873 67.797852508185898
1567 0.0037405441036979089 1462.7495265424739 67.010293510356306
1572 0.0036729637900080121 1445.4998230192195 66.220064099862398
1577 0.0036062235397490887 1428.2737938275402 65.430919238622295
1582 0.0035405128041197144 1411.1516730697631 64.646534546179112
1587 0.0034760126656811648 1394.2122899801341 63.870521283400294
1592 0.0034128930724866202 1377.5318617370745 63.106371049772854
1597 0.0033513119412478471 1361.1835022856033 62.357433281975133
1602 0.003291411747475628 1345.2356890269753 61.626845011107569
1607 0.0032333174679490301 1329.7512319764683 60.917483638586312
1612 0.0031771387379360624 1314.7879536255675 60.231998081437581
1617 0.0031229677490237267 1300.3976263824263 59.572760095182822
1622 0.0030708793087895273 1286.6257814212231 58.941855517000725
1627 0.0030209284797232424 1273.5104958777101 58.3410287057145
1632 0.0029731502832239642 1261.0820171344744 57.771665329853406
1637 0.0029275620733037119 1249.3635194491399 57.234827029689441
1642 0.0028841630615608592 1238.3706722076565 56.731231638407721
1647 0.0028429346536610902 1228.1115491676178 56.261249024434953
1652 0.0028038401921573171 1218.5862828247007 55.824885257555508
1657 0.0027668253269078204 1209.7869870048312 55.421779062766539
1662 0.00273182081839929 1201.6987533808701 55.05124747189118
1667 0.0026987431026544448 1194.2996998624017 54.712288040372265
1672 0.0026674954576992628 1187.561294029608 54.403593664162329
1677 0.0026379687888237048 1181.4485227867347 54.123560351750442
1682 0.0026100429572431423 1175.9203178647317 53.870306716943638
1687 0.0025835889090936059 1170.9303639520333 53.641711000297988
1692 0.0025584706951190207 1166.4278900310153 53.435447321181776
1697 0.0025345466012529358 1162.3580845920128 53.249004699222958
1702 0.0025116703837309452 1158.6625765991223 53.079709087923867
1707 0.0024896931965861097 1155.2802571605482 52.924761016355959
1712 0.0024684654408027723 1152.1480955672196 52.781272972858218
1717 0.0024478382755378655 1149.2018266531873 52.646300893833583
1722 0.0024276652051872438 1146.3766987026904 52.516878426260071
1727 0.0024078034393717092 1143.6081397368666 52.390047451076576
1732 0.0023881153714627149 1140.8325031756481 52.262892242840088
1737 0.0023684696231815825 1137.9876299478767 52.132565220657881
1742 0.0023487428852601898 1135.0138132682314 51.996331145764657
1747 0.0023288202300012417 1131.854052141583 51.85157873485818
1752 0.0023085968041177108 1128.4549857419461 51.69586346510912
1757 0.0022879780416345682 1124.7671296267104 51.526918395415592
1762 0.0022668808253148115 1120.7455856818981 51.342686689838729
1767 0.0022452335548137645 1116.3502292861451 51.141330191807093
1772 0.0022229772579625043 1111.5464205849223 50.921262008433672
1777 0.00220006497434584 1106.3048671973302 50.681140220951029
1782 0.0021764629246252415 1100.6023809750538 50.419902552738115
1787 0.0021521494481193302 1094.4215212302704 50.136750025166776
1792 0.0021271150910892231 1087.7508098169847 49.831156810733297
1797 0.0021013631491193698 1080.5851826820108 49.502890919145308
1802 0.0020749082863959754 1072.9254577685433 49.151989821352238
1807 0.002047776481594901 1064.7784704374135 48.778766653353969
1812 0.0020200045116150677 1056.1569676731544 48.383805369654951
1817 0.0019916383055143196 1047.0789007158028 47.967928337886768
1822 0.0019627326945675892 1037.5674284113679 47.532196492297075
1827 0.0019333516198810163 1027.6511605075907 47.077920479417322
1832 0.0019035653053984607 1017.3627837907136 46.606597719756174
1837 0.0018734508540814879 1006.7394792889344 46.119931520385201
1842 0.0018430899133682354 995.82176723204043 45.619778161167702
1847 0.0018125673856240669 984.6528793789131 45.108118140335982
1852 0.0017819715855960201 973.27889943193543 44.587062607042157
1857 0.0017513933940037682 961.74835537424144 44.05883468584328
1862 0.0017209236166254207 950.11080644593108 43.525704744403122
1867 0.0016906534449011947 938.41710492739787 42.99000238609738
1872 0.0016606716207382707 926.71782695790228 42.454044563948408
1877 0.0016310640869259085 915.06304711856501 41.920125254004333
1882 0.0016019144156873134 903.50254532719589 41.390524933436978
1887 0.0015733023367633726 892.08494352048615 40.867471030927454
1892 0.0015453020455053503 880.8566900880312 40.353091402382333
1897 0.0015179824455629064 869.86212182834515 39.849417169212238
1902 0.0014914049786818235 859.14213967244405 39.358322051655989
1907 0.0014656240644111411 848.73435568006914 38.881529102852276
1912 0.0014406877197514218 838.67335191495602 38.420622568223187
1917 0.0014166363179904744 828.98986089961102 37.97701034113399
1922 0.0013935018253591266 819.71020362125944 37.551898217277973
1927 0.00137130811623775 810.85635034182189 37.146292680453683
1932 0.0013500700086486914 802.44522558610493 36.760969063248297
1937 0.0013297940585523011 794.48904514398635 36.396486985508076
1942 0.0013104794541068956 786.99572673878799 36.053209167544402
1947 0.0012921173858559125 779.96839633385912 35.731278813451844
1952 0.001274691099993717 773.4052962825906 35.430615403351219
1957 0.001258176447464612 767.29999590250645 35.150924340038848
1962 0.0012425419780984356 761.64133249928398 34.891694247226894
1967 0.0012277498001625623 756.41382484571159 34.652215911505593
1972 0.0012137566338643727 751.59822205966884 34.431607427095564
1977 0.0012005139123233014 747.17147874969749 34.228813057236941
1982 0.0011879683615289892 743.10703104559946 34.042615879478909
1987 0.0011760625566115865 739.37506809900879 33.871650223443503
1992 0.0011647357702104283 735.94299815648696 33.714423022187745
1997 0.0011539247510258615 732.7758859635519 33.569333850201851
2002 0.0011435645966995055 729.83696484531026 33.434698382431321
2007 0.0011335894493444089 727.08805144532971 33.30876739395741
2012 0.001123933035959056 724.48987362926391 33.189741781651662
2017 0.0011145293047888055 722.0024708286137 33.075790904399256
2022 0.0011053135089296926 719.58589777570819 32.965084822034498
2027 0.0010962223525663058 717.20033595011989 32.85579940083349
2032 0.001087195137801695 714.80686588289882 32.746151693688546
2037 0.0010781740405346027 712.36768646709936 32.634409986983989
2042 0.0010691047241758345 709.84656426553045 32.518914383917931
2047 0.0010599367482868164 707.20915831472087 32.398091684157805
2052 0.0010506242126692099 704.42351121015338 32.270477881038296
2057 0.0010411257060859579 701.46008479038949 32.134719796293531
2062 0.0010314051664606116 698.29241245270032 31.989604963411015
2067 0.0010214316293051162 694.89701261028972 31.834057663004252
2072 0.0010111797997409706 691.2538608328623 31.66716055213303
2077 0.0010006297811392709 687.34629460011604 31.488150300947776
2082 0.00098976750511757354 683.16139743548661 31.29643519031271
2087 0.00097858452378952565 678.68994994081368 31.091592868645769
2092 0.00096707751346566647 673.9261762997287 30.873358738937618
2097 0.00095524918397140964 668.86846574063657 30.641659009827947
2102 0.00094310717212712938 663.51869461294075 30.39657963911197
2107 0.00093066426397198792 657.88246622410497 30.138377320961141
2112 0.00091793773944634429 651.96873246533073 29.867462152145976
2117 0.00090494950909833201 645.78996802078257 29.584405612767558
2122 0.00089172490756246148 639.3613847944265 29.28990457821784
2127 0.00087829303429649093 632.70123701431578 28.984795296369366
2132 0.00086468661339398375 625.83078559950877 28.670051755181493
2137 0.00085094080039917121 618.77349441628564 28.346748862242841
2142 0.00083709287665655616 611.55485098985366 28.016054231361501
2147 0.00082318183540577513 604.20210178835168 27.679216055610858
2152 0.00080924787361590761 596.74390975446352 27.337547418445904
2157 0.00079533126202137002 589.2095409336988 26.992389032178565
2162 0.00078147328313148698 581.62956707641979 26.645141425011182
2167 0.00076771510817362271 574.035046543097 26.29722741733325
2172 0.00075409696838176464 566.4569031625914 25.950063666481405
2177 0.00074065777944579429 558.92562983556377 25.605047088459504
2182 0.00072743496279590453 551.47113342911825 25.263547752377985
2187 0.00071446363576222285 544.12209513267794 24.926879577596655
2192 0.00070177637049540723 536.90574883943168 24.596290181115478
2197 0.0006894038707900231 529.84835966307628 24.27298279899502
2202 0.00067737388652829521 522.97435570415848 23.958076511541126
2207 0.00066571068206096404 516.30586635323493 23.6525850924242
2212 0.00065443508669879591 509.86270253776024 23.357416103765679
2217 0.00064356435577032055 503.66218936746077 23.073363229423812
2222 0.00063311179541958328 497.71880968915389 22.80108994581645
2227 0.00062308701004505586 492.04433093520913 22.541135332999779
2232 0.00061349640281665411 486.64813752076191 22.293929302179532
2237 0.00060434255235951068 481.53667801755489 22.059767270087939
2242 0.00059562409055589937 476.71329968725348 21.83880257875833
2247 0.00058733599716349232 472.1784150306737 21.631054125343123
2252 0.000579469755372988 467.92956190273259 21.436409116051124
2257 0.00057201339507951783 463.96137546557259 21.254621781286819
2262 0.00056495197095380049 460.26591488917512 21.085328342193606
2267 0.00055826790537140262 456.83288939288423 20.92805736588452
2272 0.00055194098923840138 453.6496101847153 20.782227563724863
2277 0.00054594848736618927 450.7010284136457 20.647149529971749
2282 0.0005402656545407526 447.97011563610903 20.522043171396145
2287 0.00053486596309463891 445.43801498021713 20.406044632295504
2292 0.0005297214274120009 443.08427812602378 20.29821715084114
2297 0.00052480311346234229 440.88726462742812 20.197569352489019
2302 0.00052008137950200907 438.8243254209932 20.10306365673673
2307 0.00051552620107309858 436.87206295577704 20.013628193980086
2312 0.00051110739466663142 435.00651216035482 19.928165095827381
2317 0.0005067950924323621 433.20354090083305 19.845568840556755
2322 0.00050255985127197519 431.43894706122848 19.764730700483678
2327 0.00049837326819876819 429.68899457802036 19.684563298340581
2332 0.00049420796500046515 427.93041710208786 19.604000775034571
2337 0.00049003803743553486 426.14082540470815 19.52201745340016
2342 0.00048583924159937788 424.29889540539659 19.437636451978033
2347 0.00048158911586153379 422.38450404066492 19.349935909324234
2352 0.0004772673509540201 420.37908663989958 19.258065355823728
2357 0.00047285573294909985 418.26562503511246 19.161245168983939
2362 0.00046833853878430314 416.02903664404516 19.058784397793993
2367 0.00046370230962511225 413.65601772212801 18.950073581910722
2372 0.00045893623192054734 411.13542618079242 18.834602289020363
2377 0.0004540320989402658 408.45829590922369 18.711959770935039
2382 0.00044898421906623567 405.61780243514704 18.581833390472596
2387 0.00044378944839158335 402.60933958057956 18.444012133147638
2392 0.00043844727234710836 399.43064182658327 18.298392212846252
2397 0.00043295947779209079 396.08153419605549 18.144965613659505
2402 0.00042733032254121597 392.56413190159867 17.983829235989511
2407 0.00042156605333853141 388.88244312277402 17.81516669930356
2412 0.00041567549288830402 385.04295125951018 17.639275015854459
2417 0.00040966923256626712 381.05391403411596 17.456532481711076
2422 0.00040355948698666579 376.92526241936599 17.267394046533894
2427 0.00039736019684412453 372.66872925724289 17.072397205752385
2432 0.00039108655831690743 368.29744043426251 16.872143271820963
2437 0.0003847549189768928 363.82584189053057 16.667294030417189
2442 0.00037838242504230482 359.26938825638751 16.458557476516557
2447 0.00037198713141080655 354.64466459554683 16.246693391590309
2452 0.00036558791659721307 349.96932405732997 16.032510487380232
2457 0.00035920353390585859 345.26119340456546 15.816825429069127
2462 0.00035285275594732662 340.53841153795111 15.600469181246389
2467 0.00034655426854693827 335.81932856190446 15.384282383994721
2472 0.00034032619230774867 331.12204007498855 15.169094018181285
2477 0.00033418603633554513 326.46433231881849 14.955718892663953
2482 0.00032815048846904509 321.86346580119408 14.744947731809962
2487 0.00032223565158548206 317.33639316167768 14.537557156176854
2492 0.00031645654873437224 312.89925960524027 14.334286796784339
2497 0.00031082658450529372 308.56684802784577 14.135813875658124
2500 0.00030752527215970992 306.02340535483887 14.019295745279495
