# ell Cl ell_ellplus1_Cl_over_2pi quadrupole_normalized
2 1.6555781142367216 1.5809606433331971 1
7 0.18012368011412971 1.6053841472517563 1.0154485211390627
12 0.064659726492817024 1.6053827540870824 1.0154476399250492
17 0.032963758927790625 1.6053816239317269 1.0154469250714819
22 0.019934585224670242 1.6053800151584225 1.0154459074792281
27 0.013342441954842191 1.6053777860625484 1.015444497516315
32 0.0095519612266126066 1.6053753887820215 1.0154429811720991
37 0.0071741484400272334 1.6053724685077138 1.0154411340202931
42 0.0055851779616785504 1.6053690772521982 1.0154389889602438
47 0.0044711027711376618 1.6053653296140584 1.0154366184786283
52 0.0036599353482639685 1.6053611865131001 1.0154339978561759
57 0.0030510443885932862 1.6053565596996811 1.0154310712726216
62 0.0025823659923811452 1.6053515968588405 1.0154279321427124
67 0.0022139348626925084 1.6053461327809875 1.0154244759669524
72 0.0019190735275702434 1.6053402800938434 1.0154207739853953
77 0.0016794224677148123 1.6053340539820666 1.0154168358027449
82 0.0014820113689453535 1.6053273751955859 1.0154126112912056
87 0.0013174666348030363 1.6053202417134682 1.0154080991724836
92 0.001178877690762709 1.6053127560379696 1.015403364282004
97 0.0010610590862202658 1.6053048223938933 1.0153983460393869
102 0.00096005855834897693 1.6052964731899577 1.0153930649440157
107 0.00087282106460161634 1.6052877210243945 1.0153875289646097
112 0.00079695498967880473 1.6052785102246974 1.0153817028868157
117 0.00073056656949915713 1.6052689146347787 1.0153756334188886
122 0.00067214042912199586 1.6052589230305805 1.0153693134613107
127 0.00062045236387602335 1.6052484741526907 1.0153627042658613
132 0.00057450474485117736 1.6052375996427046 1.0153558258466977
137 0.00053347797884827162 1.605226358130893 1.0153487152890381
142 0.00049669364483251582 1.6052146576743946 1.0153413144365582
147 0.00046358637213407279 1.6052025555611413 1.0153336595254099
152 0.00043368190877287628 1.6051900393415757 1.0153257426809152
157 0.0004065800618814214 1.6051770753133816 1.015317542585455
162 0.00038194127029711689 1.6051637331054454 1.015309103281167
167 0.00035947585856726692 1.6051499669186786 1.0153003957989002
172 0.00033893552587028954 1.6051357734542899 1.0152914180520798
177 0.00032010643953926172 1.605121127431953 1.0152821540502219
182 0.00030280368076370461 1.6051061521282759 1.0152726817690869
187 0.00028686659471283246 1.6050906523798449 1.0152628777625821
192 0.00027215518947269621 1.6050748478763561 1.0152528809903314
197 0.00025854689081358188 1.6050585061610263 1.015242544417186
202 0.00024593414204438668 1.6050418594448559 1.0152320149228304
207 0.00023422211781618643 1.6050246828102157 1.015221150240833
212 0.00022332708629263748 1.6050072400549844 1.015210117230426
217 0.00021317474510141151 1.6049891892006136 1.0151986995810069
222 0.00020369913786127795 1.604970890710067 1.0151871252950664
227 0.00019484139359136066 1.6049520543650959 1.01517521080178
232 0.0001865489635391361 1.6049328931217079 1.0151630908015328
237 0.00017877472774898402 1.604913240723074 1.0151506601324223
242 0.00017147640485437067 1.6048932143293073 1.0151379929013618
247 0.00016461592134225608 1.604872749211919 1.0151250481658463
252 0.00015815894397071359 1.6048518607711035 1.0151118356669118
257 0.00015207444574324785 1.6048306243538246 1.0150984030635333
262 0.00014633429884077667 1.6048088195649257 1.0150846109498644
267 0.00014091302948539465 1.6047867832793652 1.0150706724083496
272 0.00013578741839423639 1.6047641518324909 1.0150563574113445
277 0.00013093637894721116 1.6047412744118121 1.0150418868293125
282 0.00012634061799772712 1.6047178090395329 1.0150270443521274
287 0.00012198255709440411 1.6046940757379899 1.0150120324024987
292 0.00011784606245517051 1.6046698014610046 1.0149966782713962
297 0.00011391637961071313 1.60464519203422 1.0149811121490588
302 0.00011017994298801544 1.6046201679808541 1.0149652837642906
307 0.00010662427833212127 1.6045946075236286 1.014949116089698
312 0.00010323793026091939 1.6045688332699981 1.0149328131831461
317 0.00010001028894856862 1.6045423928893927 1.0149160889334206
322 9.6931621369937746e-05 1.6045158179056069 1.0148992795435741
327 9.3992864340335637e-05 1.6044885141565817 1.0148820091901718
332 9.1185701229819249e-05 1.6044610961329646 1.0148646665550261
337 8.8502359619504139e-05 1.604432987723611 1.0148468872323895
342 8.5935689007796601e-05 1.6044046835972872 1.0148289841135212
347 8.3479004951757854e-05 1.6043758426853523 1.01481074146336
352 8.1126115893566644e-05 1.6043465477538075 1.0147922116336212
357 7.8871266321654939e-05 1.6043170097159318 1.0147735280326091
362 7.6709063418594419e-05 1.6042867900244329 1.014754413267402
367 7.4634527151211399e-05 1.6042564728142124 1.0147352368189886
372 7.2642951434605471e-05 1.6042253851310804 1.0147155730257986
377 7.0730000886231947e-05 1.6041942125717539 1.0146958555461398
382 6.8891565299741521e-05 1.6041623571449914 1.0146757061345166
387 6.7123841761120077e-05 1.6041302445697017 1.0146553940695546
392 6.5423243068564029e-05 1.6040977054510779 1.0146348122044961
397 6.3786405951704939e-05 1.6040645573971168 1.0146138451715085
402 6.2210203665505294e-05 1.6040313570757763 1.0145928450780017
407 6.0691646876324925e-05 1.6039972754231797 1.0145712875188428
412 5.9227993114959668e-05 1.6039632612702486 1.0145497726550321
417 5.7816594225138852e-05 1.60392838668812 1.0145277135466821
422 5.6455018523343084e-05 1.603893414541282 1.0145055927260371
427 5.5140932606826987e-05 1.6038578820806444 1.0144831174918891
432 5.3872156127493626e-05 1.603821874403365 1.0144603416704725
437 5.2646640088916167e-05 1.6037857074411876 1.0144374650970867
442 5.1462417400778278e-05 1.6037486734733957 1.0144140401194011
447 5.0317684677185234e-05 1.6037117751724463 1.0143907009546311
452 4.9210672901835101e-05 1.6036739405368854 1.0143667695331118
457 4.8139768749341021e-05 1.6036360452931617 1.0143427997753045
462 4.7103404933905227e-05 1.6035976090469217 1.0143184878188987
467 4.6100110784196415e-05 1.6035585964714338 1.0142938113187894
472 4.5128510319491714e-05 1.6035195855796001 1.0142691358836367
477 4.4187254987436055e-05 1.603479567784357 1.0142438235550775
482 4.327512670474882e-05 1.6034397610577742 1.0142186447331059
487 4.2390904979390633e-05 1.6033989801749631 1.0141928497311978
492 4.1533486260913503e-05 1.6033581377889152 1.0141670158268437
497 4.0701788152883231e-05 1.6033168347042648 1.0141408905182696
502 3.9894785378716239e-05 1.6032748016085525 1.0141143034581239
507 3.9111531535986509e-05 1.6032329342207992 1.0140878212127056
512 3.835107317397587e-05 1.6031899399932652 1.0140606262109102
517 3.7612565581559727e-05 1.6031471690999233 1.0140335724739797
522 3.6895148761084809e-05 1.6031035995642366 1.0140060135743512
527 3.6198035359771685e-05 1.603059600288937 1.0139781828528938
532 3.5520475459543365e-05 1.6030155799952754 1.013950338836759
537 3.486172127429641e-05 1.6029704606934343 1.0139217996684808
542 3.4221114471832366e-05 1.6029257173489302 1.0138934983032994
547 3.3597963583988022e-05 1.6028798578602959 1.0138644909470267
552 3.2991662008256905e-05 1.6028339585154021 1.0138354583806013
557 3.2401601554039095e-05 1.6027877072314454 1.0138062032032813
562 3.1827195996682099e-05 1.6027405343304428 1.0137763650784668
567 3.1267921643708452e-05 1.6026937421978453 1.0137467677998788
572 3.0723220220225021e-05 1.6026456763886525 1.0137163648866907
577 3.019261692630588e-05 1.6025977920973586 1.0136860767884412
582 2.9675616441301118e-05 1.6025493790110688 1.0136554542131773
587 2.9171751804781541e-05 1.6025001131871583 1.0136242922585024
592 2.8680604301048769e-05 1.6024512617834206 1.013593392435699
597 2.8201718152983567e-05 1.6024010272973288 1.0135616177762201
602 2.7734718149266189e-05 1.6023511331089191 1.01353005836415
607 2.7279196829933558e-05 1.6023005486984609 1.0134980623681258
612 2.6834780063203743e-05 1.6022492187024593 1.013465594769253
617 2.6401128293813968e-05 1.6021982693551802 1.013433367940904
622 2.5977867827907767e-05 1.6021459114087375 1.013400250135813
627 2.556469777040491e-05 1.6020939448946674 1.0133673799221936
632 2.5161282774627971e-05 1.6020412656275749 1.0133340588731752
637 2.4767316631077913e-05 1.601987780189809 1.0133002278995888
642 2.4382526586194806e-05 1.6019348113829308 1.0132667237088921
647 2.4006599289415348e-05 1.6018803042753302 1.0132322465017394
652 2.3639293336204439e-05 1.6018262205554574 1.0131980370986775
657 2.3280332138512779e-05 1.6017715177000824 1.0131634360758084
662 2.2929459594166008e-05 1.6017158337089581 1.0131282144582689
667 2.2586457609177873e-05 1.6016608160538564 1.0130934143161314
672 2.2251062140344666e-05 1.601604260795056 1.013057641598424
677 2.1923073701076881e-05 1.6015479212013759 1.0130220052946883
682 2.1602269286495562e-05 1.6014913066096119 1.0129861950472905
687 2.128842685551386e-05 1.6014333800281413 1.0129495549312226
692 2.0981374312597571e-05 1.6013762841523744 1.0129134402587874
697 2.0680888082997178e-05 1.6013177466228519 1.0128764137016941
702 2.0386798826276497e-05 1.6012590827241768 1.0128393072127233
707 2.009892986945367e-05 1.6012005770764541 1.0128023008217235
712 1.9817085320814233e-05 1.6011404683748138 1.0127642804561352
717 1.9541127320541694e-05 1.6010811554266413 1.0127267634259531
722 1.9270871127875432e-05 1.6010207979196596 1.0126885856843146
727 1.9006164082532637e-05 1.6009596861914392 1.0126499308775185
732 1.874687266674305e-05 1.6008993080441523 1.0126117400803336
737 1.849282102505693e-05 1.6008371265067205 1.0125724085905246
742 1.8243894474035643e-05 1.6007754021530751 1.0125333662817197
747 1.7999947616418539e-05 1.6007133704726324 1.0124941295804746
752 1.7760835325297705e-05 1.6006498418039292 1.0124539459940134
757 1.752645826426334e-05 1.6005873484731279 1.0124144172865375
762 1.7296665929331564e-05 1.6005234382977453 1.0123739923868715
767 1.7071349291385799e-05 1.600459040527727 1.0123332590705236
772 1.6850405304894755e-05 1.6003953371608501 1.012292964982783
777 1.6633694139262886e-05 1.6003296763919319 1.0122514327857641
782 1.6421134801860454e-05 1.6002646546965167 1.0122103048198723
787 1.6212611978019252e-05 1.6001992782787637 1.0121689524825901
792 1.6008011637601761e-05 1.6001323000258045 1.012126586941587
797 1.5807263069150268e-05 1.6000664733013954 1.01208494977327
802 1.5610245540982886e-05 1.5999992517137591 1.0120424303165589
807 1.5416873961356839e-05 1.599931352694572 1.0119994823662266
812 1.5227074179751466e-05 1.5998643825961403 1.0119571219831809
817 1.5040731082148519e-05 1.5997953800758475 1.0119134760388093
822 1.4857783716574685e-05 1.5997267849922709 1.0118700878090858
827 1.4678147356488337e-05 1.5996582911146426 1.0118267635948386
832 1.4501723861934715e-05 1.5995878271125707 1.0117821932240523
837 1.4328464477185323e-05 1.5995184709260077 1.0117383235762811
842 1.4158276570939357e-05 1.5994482365861158 1.011693898472982
847 1.3991083529069561e-05 1.5993766218819816 1.0116486002522855
852 1.3826838777863251e-05 1.5993063313543256 1.011604139608719
857 1.3665447314783815e-05 1.5992342915244895 1.0115585724846163
862 1.35068540319292e-05 1.599161772929887 1.011512702528961
867 1.3351007032711229e-05 1.5990902635050768 1.01146747090026
872 1.3197816960312362e-05 1.5990165587602949 1.0114208506728097
877 1.3047244553726776e-05 1.5989432268306951 1.0113744662609594
882 1.2899230647720642e-05 1.5988702756147419 1.0113283226606991
887 1.2753696613966472e-05 1.5987950647725904 1.011280749786277
892 1.261061351590595e-05 1.5987209303373284 1.0112338577680762
897 1.2469915117240759e-05 1.5986463800376087 1.0111867027044545
902 1.2331536767084376e-05 1.5985698646407509 1.0111383046641995
907 1.2195453708650976e-05 1.5984948053346815 1.0110908276404127
912 1.2061596110859004e-05 1.5984186173543904 1.0110426366999157
917 1.192991297768904e-05 1.5983409422321309 1.0109935051022461
922 1.1800380053438362e-05 1.5982648508363244 1.0109453752540256
927 1.1672926583675189e-05 1.5981870086963315 1.0108961380131609
932 1.154751442559293e-05 1.5981082783579739 1.0108463389630142
937 1.1424117135465088e-05 1.5980310311061297 1.0107974780048556
942 1.130266607301505e-05 1.5979516117697621 1.0107472431449922
947 1.1183133137798132e-05 1.59787184086152 1.0106967859064906
952 1.1065489468941672e-05 1.5977933520697936 1.010647139641065
957 1.0949670024836921e-05 1.5977124159174048 1.0105959453543951
962 1.0835654737642197e-05 1.5976316266543698 1.01054484397918
967 1.0723411994036813e-05 1.5975518223249539 1.01049436560089
972 1.0612881655289917e-05 1.5974694382021808 1.010442255434125
977 1.0504049382121532e-05 1.5973875857910533 1.0103904815892335
982 1.0396881951684252e-05 1.5973064677536282 1.0103391722554007
987 1.0291323722548292e-05 1.5972226801138434 1.0102861743264908
992 1.0187364808862566e-05 1.5971397211048546 1.0102337005287789
997 1.0084971135969598e-05 1.5970572726305488 1.0101815496579438
1002 9.9840915350048596e-06 1.5969721417834828 1.0101277021144106
1007 9.8847190102713713e-06 1.59688801923843 1.0100744923489384
1012 9.7868198833885377e-06 1.5968042694699243 1.0100215183746279
1017 9.6903464537841798e-06 1.596717800797266 1.0099668246205342
1022 9.5952942255013884e-06 1.5966324712823436 1.0099128514142548
1027 9.5016305929307823e-06 1.5965474544905878 1.0098590760137638
1032 9.4093105855270515e-06 1.5964596801088622 1.0098035563636727
1037 9.3183313372775285e-06 1.5963730609651536 1.0097487674326049
1042 9.2286626324042662e-06 1.596286824361534 1.009694220468401
1047 9.14026110858272e-06 1.5961977647705219 1.0096378878889736
1052 9.053125137676918e-06 1.5961098073222548 1.009582252444386
1057 8.9672275115113621e-06 1.5960223738792878 1.009526948447202
1062 8.8825259686160397e-06 1.5959320584844643 1.0094698215381899
1067 8.7990193705745413e-06 1.5958426860969628 1.0094132911065954
1072 8.7166845987097841e-06 1.5957541071272667 1.0093572625330383
1077 8.6354796041362053e-06 1.5956625729028813 1.0092993646816455
1082 8.5554031104918813e-06 1.5955717056184073 1.0092418886876307
1087 8.4764369026551826e-06 1.5954819842877572 1.0091851375401377
1092 8.3985391172846112e-06 1.5953893231854099 1.0091265269082172
1097 8.321706931404632e-06 1.595296881927849 1.0090680553340192
1102 8.2459279151165295e-06 1.5952059928805082 1.0090105655744075
1107 8.1711606493168916e-06 1.5951122927937973 1.0089512977570168
1112 8.0973995421676227e-06 1.5950182332374379 1.0088918025654343
1117 8.024638162113978e-06 1.5949261074993282 1.0088335305657499
1122 7.9528365845968017e-06 1.5948314944907398 1.0087736853007918
1127 7.8819847683571471e-06 1.5947357811066132 1.0087131440187995
1132 7.8120823033776166e-06 1.5946422938126479 1.0086540107985265
1137 7.7430923551257089e-06 1.5945469005033319 1.0085936719724349
1142 7.6749989928490217e-06 1.594449589750647 1.0085321203119963
1147 7.6078065910298648e-06 1.5943545329040854 1.0084719943076188
1152 7.5414839398638626e-06 1.5942584536829909 1.0084112216239347
1157 7.4760083230979279e-06 1.5941597004772619 1.0083487575732668
1162 7.4113865936194943e-06 1.5940628552674128 1.0082875003811556
1167 7.3475955992874944e-06 1.5939660820982626 1.0082262887567182
1172 7.2846063866193409e-06 1.5938661440081925 1.0081630752349322
1177 7.2224247822872915e-06 1.5937673020318903 1.0081005550344964
1182 7.1610377513249769e-06 1.5936697016499473 1.0080388201757859
1187 7.1004121900649744e-06 1.5935689244835893 1.0079750759157482
1192 7.0405487697399408e-06 1.5934679834861563 1.0079112280281624
1197 6.9814450314708861e-06 1.5933692186922623 1.0078487566476695
1202 6.9230679989108552e-06 1.593267964481978 1.0077847106445565
1207 6.8654093150863444e-06 1.5931650516306226 1.0077196155064903
1212 6.8084749203150452e-06 1.5930646265538499 1.0076560939525565
1217 6.7522375639212147e-06 1.5929630856166193 1.0075918665869614
1222 6.6966782918026509e-06 1.5928586215231861 1.0075257902466845
1227 6.6418061934690932e-06 1.5927560375167333 1.0074609031118369
1232 6.5876048907116805e-06 1.5926540831813962 1.0073964142608542
1237 6.5340468947916545e-06 1.5925487041630728 1.0073297592060511
1242 6.4811373341497289e-06 1.5924436753204254 1.0072633256467527
1247 6.4288730049290786e-06 1.5923407790832715 1.0071982410176141
1252 6.3772240336753342e-06 1.5922351446074323 1.0071314243790819
1257 6.3261849960536433e-06 1.5921278463550619 1.0070635553572798
1262 6.2757631441467165e-06 1.5920231603871764 1.0069973386754625
1267 6.2259349619599137e-06 1.5919175831591601 1.0069305582477133
1272 6.1766820500216777e-06 1.5918087690588043 1.0068617304114136
1277 6.1280139780213115e-06 1.5917015162336356 1.0067938901235347
1282 6.0799207381168495e-06 1.5915956032924932 1.0067268973482313
1287 6.0323755790149007e-06 1.591486337571695 1.0066577838498916
1292 5.9853800493825991e-06 1.5913763584771206 1.0065882191235094
1297 5.938938308734251e-06 1.5912690438970996 1.0065203397740305
1302 5.8930257370034032e-06 1.5911600616898605 1.0064514056056193
1307 5.8476295737461667e-06 1.5910481284313125 1.0063806048181234
1312 5.8027601495825612e-06 1.5909382104037291 1.0063110787182508
1317 5.7584057071585818e-06 1.5908292829591726 1.0062421791887046
1322 5.714542124992045e-06 1.5907168060829191 1.0061710345484332
1327 5.6711730666586447e-06 1.5906038538028981 1.0060995892025306
1332 5.6283025173678771e-06 1.5904936454935608 1.0060298794916647
1337 5.5859072527740117e-06 1.5903817110904979 1.0059590779802323
1342 5.5439754530858811e-06 1.5902666775611323 1.0058863161883114
1347 5.5025178310840005e-06 1.5901536049686638 1.0058147947415597
1352 5.461525104671879e-06 1.5900418463634711 1.0057441044269944
1357 5.4209739850031004e-06 1.589926589303774 1.0056712012461446
1362 5.3808663883234362e-06 1.5898102889099541 1.0055976381284857
1367 5.3412090349346451e-06 1.5896968678641987 1.0055258962756866
1372 5.3019824234161063e-06 1.589582467127316 1.0054535347419791
1377 5.2631717754093486e-06 1.5894645048043059 1.0053789204095427
1382 5.2247866478878048e-06 1.5893476923905125 1.0053050334255209
1387 5.186824371451403e-06 1.5892330993701334 1.0052325502673458
1392 5.149262406880413e-06 1.5891156598909655 1.0051582666476597
1397 5.1120966225291622e-06 1.5889958497596524 1.0050824835269234
1402 5.0753371849472731e-06 1.5888786032471307 1.0050083219638157
1407 5.0389723306173529e-06 1.5887620500380335 1.0049345989337144
1412 5.0029824206039671e-06 1.5886417328734104 1.0048584951008135
1417 4.9673718755702063e-06 1.5885207304660498 1.0047819578335067
1422 4.9321467786615503e-06 1.5884027147978979 1.0047073097588377
1427 4.8972893882301657e-06 1.5882837043177971 1.0046320324389357
1432 4.8627861704124465e-06 1.5881609486050878 1.0045543861589814
1437 4.8286463184049566e-06 1.588039065603946 1.0044772918924947
1442 4.7948700372599664e-06 1.5879197978372777 1.0044018518319395
1447 4.761437412630968e-06 1.5877981978407953 1.004324936573489
1452 4.7283413459951066e-06 1.5876734549532407 1.004246033352159
1457 4.6955923693850588e-06 1.5875506699509465 1.0041683685457568
1462 4.6631855021783943e-06 1.5874297767925598 1.0040919003813553
1467 4.6311012363035362e-06 1.5873057002875117 1.0040134186648297
1472 4.599337574027168e-06 1.5871792416363337 1.0039334301770004
1477 4.5679045946438343e-06 1.5870553946802519 1.0038550936563513
1482 4.5367935725520888e-06 1.5869326857386963 1.0037774769604058
1487 4.5059865068895859e-06 1.5868063080991215 1.0036975397145877
1492 4.4754850255610382e-06 1.5866782585907422 1.0036165449669199
1497 4.4452980164843496e-06 1.5865531551908005 1.0035374137118382
1502 4.4154144467725671e-06 1.5864285579299804 1.003458602603323
1507 4.3858181676236949e-06 1.5863000857786662 1.003377340522666
1512 4.3565128984535621e-06 1.5861704508120482 1.0032953429301485
1517 4.3275063508334186e-06 1.5860438778321821 1.0032152821263582
1522 4.2987866381900982e-06 1.5859174499689268 1.0031353131127154
1527 4.2703389825154201e-06 1.5857870754826704 1.0030528477541969
1532 4.2421679074389913e-06 1.58565574703629 1.0029697789903194
1537 4.2142806554109586e-06 1.5855275373824269 1.002888682946339
1542 4.1866654393431574e-06 1.5853993974106253 1.0028076309781311
1547 4.1593080920754438e-06 1.5852672684927276 1.0027240558945545
1552 4.1322131319295546e-06 1.5851341330218915 1.0026398441392541
1557 4.1053879111520445e-06 1.5850041245513518 1.0025576102954907
1562 4.0788215430119717e-06 1.5848743752090113 1.0024755403572621
1567 4.0524999639033815e-06 1.5847406792110375 1.0023909740535164
1572 4.02642670871505e-06 1.5846056284793288 1.0023055508443568
1577 4.0006097133777871e-06 1.5844736051351278 1.0022220425389743
1582 3.9750400145892306e-06 1.5843423474079263 1.0021390185068741
1587 3.9497031434313546e-06 1.5842073070427252 1.0020536018548083
1592 3.9246006529142204e-06 1.5840702679983123 1.0019669209845472
1597 3.8997413797311287e-06 1.5839359994921864 1.0018819925540439
1602 3.875119149818229e-06 1.5838032368832189 1.0017980166438734
1607 3.850719107106191e-06 1.5836670934505659 1.0017119022720657
1612 3.8265399415715275e-06 1.5835281472516465 1.0016240150754394
1617 3.802590887455627e-06 1.5833913640947987 1.0015374960609247
1622 3.7788694937331995e-06 1.583256919719124 1.0014524563882157
1627 3.7553613860013925e-06 1.5831199490445327 1.0013658187637
1632 3.7320614095395929e-06 1.5829793592903925 1.0012768919743247
1637 3.7089780093304506e-06 1.5828398180016419 1.0011886283674227
1642 3.6861131934326954e-06 1.582703327014521 1.0011022941580947
1647 3.6634545131073981e-06 1.5825656743828114 1.0010152251774151
1652 3.640992707380515e-06 1.5824239132776232 1.0009255574770926
1657 3.6187336049755949e-06 1.5822816070681465 1.0008355449836908
1662 3.5966832537123936e-06 1.5821424864990181 1.0007475474932312
1667 3.5748332913280349e-06 1.5820039790715357 1.0006599378313044
1672 3.5531714360595048e-06 1.5818616884001422 1.0005699351661566
1677 3.5316985774876371e-06 1.5817169956591288 1.0004784131275635
1682 3.510422988624776e-06 1.5815746270258648 1.0003883611494422
1687 3.4893424193464395e-06 1.581434637166018 1.0002998138092936
1692 3.4684441411896439e-06 1.5812922887944458 1.0002097746472358
1697 3.447722795018319e-06 1.5811460962053883 1.0001173039145366
1702 3.4271854646608646e-06 1.5810002644807206 1.0000250614382404
1707 3.406836202087108e-06 1.580857677182046 0.99993487114838353
1712 3.3866658727372325e-06 1.5807151159984412 0.99984469737700865
1717 3.3666639916843762e-06 1.5805686379019721 0.99975204605321577
1722 3.3468322597414394e-06 1.580419947872562 0.99965799562252544
1727 3.3271784092917334e-06 1.5802736423599668 0.99956545346266057
1732 3.3077004347626682e-06 1.5801297591557293 0.99947444347778569
1737 3.2883868538035427e-06 1.5799837690486396 0.99938210082036083
1742 3.2692318983313994e-06 1.5798337854133422 0.99928723214925885
1747 3.2502415401125446e-06 1.5796835712017676 0.99919221763247879
1752 3.2314208474708428e-06 1.5795365218624846 0.99909920498228855
1757 3.2127633646007395e-06 1.5793904320822085 0.99900679927890057
1762 3.1942583795022812e-06 1.5792409280525066 0.99891223397119833
1767 3.1759046508003996e-06 1.5790882322734765 0.99881564979645998
1772 3.1577093261084651e-06 1.5789367552507345 0.99871983651775453
1777 3.1396744127935311e-06 1.5787884107019079 0.99862600461279705
1782 3.121791128909089e-06 1.5786396866722427 0.99853193267603368
1787 3.1040507716649407e-06 1.5784870193239378 0.99843536648449127
1792 3.0864550098041783e-06 1.5783320566161885 0.99833734841655097
1797 3.0690107969260077e-06 1.5781791900363082 0.99824065620569502
1802 3.0517176633644712e-06 1.5780290591218997 0.99814569437660605
1807 3.0345662955806919e-06 1.5778777067176679 0.99804995992244994
1812 3.0175496915811669e-06 1.5777222841523753 0.99795165098228233
1817 3.0006709892928265e-06 1.5775651995542235 0.99785229076176452
1822 2.983936498057115e-06 1.5774105803612923 0.9977544899761579
1827 2.967344616339271e-06 1.577258428963207 0.99765825013696452
1832 2.9508860813505312e-06 1.5771046414105725 0.99756097538614585
1837 2.934555016147535e-06 1.5769468318129674 0.99746115658403278
1842 2.9183548020273071e-06 1.5767875540341667 0.99736040911794488
1847 2.9022913808764964e-06 1.576630798745571 0.9972612571945515
1852 2.8863630711043278e-06 1.5764764690486297 0.9971636395229212
1857 2.8705611467771531e-06 1.5763205864348393 0.9970650395897428
1862 2.8548797803643964e-06 1.5761606757114988 0.99696389176926103
1867 2.8393219770056947e-06 1.5759991012079577 0.9968616915631886
1872 2.8238934857327205e-06 1.575839799981291 0.99676092926569659
1877 2.8085935724833912e-06 1.5756831464532228 0.99666184170856553
1882 2.7934143003528316e-06 1.5755254499281672 0.99656209442787225
1887 2.7783493188702557e-06 1.5753638301354203 0.99645986557516264
1892 2.763400281131804e-06 1.5751998983668389 0.99635617433574286
1897 2.7485730015781085e-06 1.5750376759240048 0.99625356429069312
1902 2.7338683099697061e-06 1.574878388488437 0.99615281071644091
1907 2.7192797166293769e-06 1.5747190389744334 0.99605201787591369
1912 2.7048000342028922e-06 1.57455615109708 0.99594898692568701
1917 2.6904288350213094e-06 1.5743901221369185 0.99584396915635698
1922 2.6761713109229565e-06 1.5742246549527723 0.99573930672542044
1927 2.6620304602702311e-06 1.5740622242034819 0.99563656492095154
1932 2.6480020264683642e-06 1.5739010346646356 0.99553460821537132
1937 2.6340785380031384e-06 1.5737373234850205 0.99543105650438757
1942 2.6202567942196737e-06 1.5735698057277221 0.99532509703094663
1947 2.6065402730220379e-06 1.573401193252983 0.99521844511936985
1952 2.5929335771408094e-06 1.5732349284305427 0.99511327816082384
1957 2.5794358799848766e-06 1.5730712048628153 0.99500971861402687
1962 2.5660406850651095e-06 1.5729067356028883 0.99490568739691809
1967 2.552742290890044e-06 1.5727386474360443 0.9947993671241443
1972 2.5395409050275079e-06 1.5725676596217559 0.99469121274660843
1977 2.5264411768240287e-06 1.5723972631092487 0.9945834323833046
1982 2.5134457477216352e-06 1.572229756085161 0.99447747969890743
1987 2.50055133404688e-06 1.5720637499273689 0.99437247635268744
1992 2.4877512903471436e-06 1.5718956952399381 0.9942661772565401
1997 2.4750419615499667e-06 1.5717238620277216 0.99415748814214566
2002 2.4624253636759197e-06 1.5715500976247734 0.99404757749782868
2007 2.4499059458104012e-06 1.5713778400052978 0.99393861993446253
2012 2.4374847866817697e-06 1.5712084159617674 0.99383145468386325
2017 2.4251576243971891e-06 1.5710397110602818 0.99372474430989088
2022 2.4129183897508319e-06 1.5708683841471192 0.99361637544322423
2027 2.4007646836271346e-06 1.5706934214611521 0.9935057068527664
2032 2.3886990691800381e-06 1.5705170450177475 0.99339414402281956
2037 2.3767255302170286e-06 1.5703424527718044 0.9932837097456102
2042 2.3648445254660302e-06 1.5701705580978431 0.99317498175501395
2047 2.3530518206739533e-06 1.5699991534961353 0.9930665637482593
2052 2.3413418685419945e-06 1.5698251002530206 0.99295647040479196
2057 2.3297125328217402e-06 1.5696474894986863 0.9928441268400845
2062 2.3181661160391643e-06 1.5694683934830895 0.99273084380780152
2067 2.3067063362961003e-06 1.5692908816147209 0.99261856279111904
2072 2.2953339470373108e-06 1.5691160495855643 0.99250797684459724
2077 2.2840453958245655e-06 1.5689420494071447 0.99239791706597247
2082 2.2728354478351457e-06 1.5687658290009459 0.99228645293374262
2087 2.261701440938792e-06 1.5685860550784287 0.99217274110715459
2092 2.2506448034986103e-06 1.5684042132208273 0.99205772125617464
2097 2.239669040989765e-06 1.5682232660859967 0.99194326734133897
2102 2.2287758025365169e-06 1.5680449208635585 0.99183045920586121
2107 2.2179628485235499e-06 1.5678681617714219 0.9917186543403308
2112 2.2072254394022431e-06 1.5676901712966653 0.99160607059227412
2117 2.1965599921450658e-06 1.5675088972604283 0.99149140990353324
2122 2.1859663712320667e-06 1.567324714575256 0.99137490941634587
2127 2.1754473850464117e-06 1.5671401204734823 0.99125814869712603
2132 2.1650056780434808e-06 1.5669575350532146 0.99114265852282113
2137 2.1546409830451526e-06 1.5667773006841106 0.99102865545142027
2142 2.1443498186350253e-06 1.5665974115599848 0.99091487075672569
2147 2.1341279677045607e-06 1.5664152780251603 0.99079966641208084
2152 2.1239732494442414e-06 1.5662297577921418 0.99068231989001476
2157 2.1138867717743437e-06 1.566042118371443 0.99056363292491545
2162 2.103871359025803e-06 1.5658549231922587 0.99044522695448611
2167 2.0939287962370839e-06 1.5656700007707152 0.99032825856420814
2172 2.0840579422054552e-06 1.5654870095638116 0.99021251171897506
2177 2.0742553049759106e-06 1.5653038217473667 0.990096640512935
2182 2.0645171849902276e-06 1.5651181070738374 0.98997917100203181
2187 2.0548420924358311e-06 1.5649291699922216 0.98985966323160601
2192 2.0452312484326168e-06 1.5647383713052878 0.98973897794589805
2197 2.035687181126433e-06 1.5645480964169278 0.98961862397683342
2202 2.0262113795170023e-06 1.5643599669221595 0.98949962702674388
2207 2.0168029030208353e-06 1.5641737441919754 0.9893818361563832
2212 2.0074586095261772e-06 1.5639874644386089 0.98926400921733071
2217 1.9981751430759517e-06 1.5637989554232639 0.98914477221029951
2222 1.9889508063438462e-06 1.5636073044693131 0.98902354784284996
2227 1.9797863069000121e-06 1.5634134768800014 0.98890094669516859
2232 1.9706837745322669e-06 1.5632195789828007 0.98877830107586218
2237 1.9616449644149378e-06 1.5630274517759073 0.98865677546565589
2242 1.9526696517738358e-06 1.5628373795752373 0.98853654970199012
2247 1.9437556104230549e-06 1.5626480375270726 0.98841678577936309
2252 1.9348997050626457e-06 1.56245733779999 0.9882961630884145
2257 1.9260996204790242e-06 1.5622638156523199 0.98817375514076178
2262 1.9173549412191117e-06 1.5620675235411503 0.98804959511691981
2267 1.9086670677539382e-06 1.5618699965762726 0.98792465401499496
2272 1.9000378728327691e-06 1.56167318092492 0.98780016283794869
2277 1.8914683306680565e-06 1.5614783108138517 0.9876769022673012
2282 1.8829575879568323e-06 1.5612851220978081 0.98755470522409317
2287 1.8745032921746574e-06 1.5610920925107015 0.98743260883420481
2292 1.8661027292908305e-06 1.5608973659163294 0.9873094390417162
2297 1.8577541647834337e-06 1.5606998721061376 0.98718451891101922
2302 1.8494574358524971e-06 1.5604998441973188 0.98705799589498955
2307 1.8412138122633868e-06 1.5602987293988593 0.98693078539211743
2312 1.8330248909623869e-06 1.5600982745333793 0.98680399231455074
2317 1.8248914856676077e-06 1.5598995829986213 0.98667831459094901
2322 1.8168129473802714e-06 1.559702517105273 0.98655366512913012
2327 1.8087873634655727e-06 1.5595058427230288 0.98642926330858294
2332 1.8008123231168703e-06 1.5593078686080197 0.9863040393722099
2337 1.7928860601818131e-06 1.559107430804249 0.98617725708663173
2342 1.7850080181508268e-06 1.5589043978783903 0.98604883331674542
2347 1.7771788975923629e-06 1.558699734956039 0.98591937853036959
2352 1.7694000238722052e-06 1.5584949702701822 0.98578985937584784
2357 1.761672480758707e-06 1.5582914405544808 0.98566112137306472
2362 1.7539963242484842e-06 1.5580895882462669 0.98553344437549673
2367 1.7463704884415526e-06 1.5578888582638584 0.98540647727909558
2372 1.7387930662219709e-06 1.5576879282983682 0.98527938368803281
2377 1.7312620989129344e-06 1.557485403223084 0.98515128114725281
2382 1.7237762798358343e-06 1.5572804495689783 0.98502164246524648
2387 1.7163353433515887e-06 1.5570731606846735 0.98489052668752031
2392 1.7089399044202715e-06 1.5568644302689338 0.98475849910250746
2397 1.701591061805353e-06 1.5566556061345822 0.98462641223795966
2402 1.6942896506671885e-06 1.5564478128974273 0.98449497744353176
2407 1.6870357792008969e-06 1.5562415195806598 0.98436449138896909
2412 1.6798286417815537e-06 1.5560363526546104 0.98423471780673943
2417 1.6726667573267913e-06 1.5558313001966195 0.98410501662862615
2422 1.6655484213441558e-06 1.5556251210321559 0.98397460277845661
2427 1.6584723251749243e-06 1.5554169210704698 0.98384291071985674
2432 1.6514378228589225e-06 1.5552064121375804 0.98370975817505613
2437 1.6444450593866574e-06 1.5549940459890668 0.9835754308915724
2442 1.6374947277812619e-06 1.5547807989688187 0.98344054643309631
2447 1.6305876518288403e-06 1.5545677848674091 0.98330580930203115
2452 1.6237243092517647e-06 1.5543558010708796 0.98317172386643004
2457 1.6169046133071547e-06 1.5541451119411456 0.98303845734229334
2462 1.6101277793550372e-06 1.5539353090288572 0.98290575137445468
2467 1.6033925780736054e-06 1.5537255427482637 0.98277306857714519
2472 1.5966976513472057e-06 1.5535148209190361 0.98263978136970198
2477 1.5900418627708223e-06 1.5533023485375188 0.98250538689099487
2482 1.5834245373451599e-06 1.5530877671469354 0.98236965840750079
2487 1.5768456135187965e-06 1.5528713136017631 0.98223274573602792
2492 1.5703054479641871e-06 1.5526536391398784 0.98209506080199571
2497 1.5638046254136444e-06 1.5524356288998056 0.98195716347925577
2500 1.5599234946034426e-06 1.5523052676582869 0.98187470649838893
